generation,mean_fitness,distance_from_optimum,phenotype_variance,weights_variance,population_size,n_parents,median_offspring,max_offspring,extinct,mean_weight_0,mean_weight_1,mean_weight_2,mean_weight_3,alpha_0,alpha_1,alpha_2,alpha_3,mean_lambda_0,mean_lambda_1,mean_lambda_2,mean_lambda_3,lambda_variance_0,lambda_variance_1,lambda_variance_2,lambda_variance_3
0,0.9935245316509845,0.002699882218719781,0.0032569273449017597,0.0,5000,3177,1.0,6,0,1.0,1.0,1.0,1.0,0.0,0.0,0.0,0.0,0.49825086763247173,0.49286989721227575,0.5043137530120554,0.5000058712210946,0.08785889654574083,0.08508544848834887,0.08557766353202696,0.08829329365208144
1,0.9581792846417373,0.2427794655709231,0.006769922256111244,0.0,5000,3150,1.0,9,0,1.0,1.0,1.0,1.0,0.242527205031633,0.008962893864919675,-0.002306872452620787,-0.009477946035566669,0.49442725614879474,0.49422358741215666,0.49835945967699047,0.5104614123810225,0.08884256562953055,0.0873797398749252,0.08921870518740375,0.09155698556593382
2,0.8656308294596733,0.5014267681467274,0.009962916712498776,0.0,5000,3170,1.0,6,0,1.0,1.0,1.0,1.0,0.5028932869172106,0.006625261004119963,-0.011039424237072302,-0.002125365394054189,0.4898939349418385,0.49913198044811335,0.5091862938478989,0.5080256578278355,0.09007881869177467,0.09158053928246028,0.08928310686286282,0.09279084884958229
3,0.7433378074590224,0.7409336265167952,0.012867325613453011,0.0,5000,3182,1.0,6,0,1.0,1.0,1.0,1.0,0.7508044496800917,0.011253926677505396,0.008627659338347506,0.009895663326977422,0.4871832543660206,0.4979733856250803,0.5066532070429123,0.5158019334213502,0.0919135528400318,0.08953677479621751,0.09129039906090382,0.0954939306982541
4,0.6175746478848377,0.9572747829981718,0.014622348478358898,0.0,5000,3154,1.0,6,0,1.0,1.0,1.0,1.0,1.0009030761230295,0.013269791907731176,0.011346043949388433,0.014747893855191192,0.5051648021055798,0.49976696483350797,0.5054948930804759,0.5256530312295198,0.09370970597716594,0.09094098476874632,0.09339053368814118,0.09422129897777431
5,0.5730564440171274,1.033704349984278,0.014276988153962614,0.0,5000,3145,1.0,6,0,1.0,1.0,1.0,1.0,1.2580146523964277,0.002233574845127838,0.006889474920300695,0.02119119295402714,0.30238585851437183,0.5325298452083498,0.5287850600873618,0.5240264713493721,0.0546922280308788,0.08474051751612295,0.08854881696728421,0.1079992552978334
6,0.567221403143786,1.0422215236740127,0.014478188519056998,0.0,5000,3166,1.0,7,0,1.0,1.0,1.0,1.0,1.515933713860918,-0.012703272332458384,0.002702980649650048,0.018865698476953446,0.19104834104511378,0.5934520917976127,0.5617665424286215,0.4636527065093894,0.030127433936908237,0.06386951177636553,0.07716732426580303,0.11144868043468936
7,0.5585808144538023,1.0569573004735138,0.013786594352181887,0.0,5000,3120,1.0,7,0,1.0,1.0,1.0,1.0,1.7759539291709157,-0.007864639905144393,0.003500527577112547,0.009944274752790803,0.14414718618504813,0.605462490753789,0.5700050783039393,0.4736660888579175,0.018545694373568004,0.0598007148633964,0.06441492394543956,0.09834708944149605
8,0.5412296003544101,1.0886094520401854,0.011919077120235586,0.0,5000,3183,1.0,7,0,1.0,1.0,1.0,1.0,2.0398046273641692,-0.010985501649465667,0.020493232507169938,0.0019207619189778868,0.14419651786892992,0.6284555328623992,0.5840035313025456,0.4715775021666606,0.018501264160763694,0.047503568735302995,0.07041912363954035,0.07989388335220206
9,0.5484490495567851,1.0755181484375678,0.01258365452416028,0.0,5000,3171,1.0,6,0,1.0,1.0,1.0,1.0,2.280730476338645,-0.0015816221681189853,0.029989033228058,0.0037288976247189295,0.11326534140448274,0.583412561055548,0.5079109518946542,0.5463453953759386,0.013372260525773252,0.04587221707613498,0.07998598130027458,0.07358272812577293
10,0.5421486446333391,1.0853905193305082,0.012713290229703359,0.0,5000,3139,1.0,6,0,1.0,1.0,1.0,1.0,2.519185129879685,0.00738838521443066,0.032531924895121876,0.005714101095272045,0.08891634309279474,0.5497925359625189,0.4225274490108679,0.5661702608360013,0.009037147535679826,0.031622155630287516,0.058489440328707544,0.04941917249841308
11,0.5328075998315147,1.0983851917155831,0.013935347459812765,0.0,5000,3140,1.0,6,0,1.0,1.0,1.0,1.0,2.7825601739290025,0.022094104179514653,0.03460282773740913,-0.005491065369792136,0.10728452397400856,0.5272920548729562,0.41322040416515526,0.504892914467287,0.0112142277517762,0.035784152422881736,0.06135595789072745,0.08009950187567484
12,0.5366100504501834,1.095600265771986,0.012017154139161414,0.0,5000,3143,1.0,6,0,1.0,1.0,1.0,1.0,3.031541070979257,0.0220279467052794,0.057514719794957675,-0.005924155844794561,0.11264519115769364,0.4758855046493621,0.28242181160506863,0.5648888995307385,0.01198433290528833,0.0390891782365344,0.05801541061166937,0.07122646223406029
13,0.5305159585157727,1.1084427833125847,0.010339550389488594,0.0,5000,3128,1.0,7,0,1.0,1.0,1.0,1.0,3.2843358751190292,0.024315728264653346,0.0552991599830508,-0.011847891696953584,0.12255689599214481,0.4343845696414553,0.2014222978607675,0.6780181642747529,0.012976998027491934,0.05221134553143431,0.04176934232465117,0.06126330233869464
14,0.5253382650717517,1.11624867646341,0.010768512297098513,0.0,5000,3190,1.0,6,0,1.0,1.0,1.0,1.0,3.5357391811874637,0.021659659974819064,0.062344252012719543,-0.0021259167063791638,0.11299688181589294,0.4730679338959504,0.19512018722972196,0.6668775001740226,0.013985745952598825,0.06659256085125646,0.039818008971779686,0.05760610512337107
15,0.5228513235716878,1.1214263335612826,0.010225501366692145,0.0,5000,3146,1.0,6,0,1.0,1.0,1.0,1.0,3.784144684448661,0.012457410870311146,0.07187794643812012,-0.012098563312749597,0.08523728099650475,0.43563924338031745,0.1924352101407256,0.657039386898027,0.011033582654768939,0.0598758511635232,0.034567790634612225,0.055025886533447296
16,0.523201994945941,1.1255102886909065,0.007526134300041428,0.0,5000,3174,1.0,6,0,1.0,1.0,1.0,1.0,4.043611083267545,0.011733678320035055,0.07598689679347462,-0.0074618862791086885,0.060778306052352966,0.3875791580045527,0.19819641654285067,0.718473539057103,0.007771000073351817,0.06801488069088688,0.02567119437927797,0.031119544404905677
17,0.5231874588930246,1.1239315068179871,0.008552858200230301,0.0,5000,3152,1.0,6,0,1.0,1.0,1.0,1.0,4.281397485978963,0.008566991596393009,0.08572439530369295,-0.002564158846643922,0.07063711899103564,0.36534720065945164,0.1571919586168919,0.7374070991749528,0.0060356331654375225,0.05001760012840027,0.022373046187978335,0.029345911468792802
18,0.5267248256370438,1.1189744239773787,0.007968902100278875,0.0,5000,3152,1.0,6,0,1.0,1.0,1.0,1.0,4.533834902644089,0.006899386624866452,0.08521495694048552,0.007409575947135975,0.07974794738984327,0.4309871565178397,0.16179961195662187,0.7744300411950618,0.007662738027135337,0.06417166341312358,0.02663727332830051,0.034141359201488725
19,0.5191371431071194,1.1291312651563798,0.009355683096846649,0.0,5000,3130,1.0,8,0,1.0,1.0,1.0,1.0,4.797051347475861,0.009211499967895593,0.08895437236491172,-0.012635764501618917,0.06556493226990606,0.47055179082234183,0.1659544461148554,0.7393642248599603,0.006837849309078338,0.07644414253769798,0.02130956452643617,0.048120772800562824
20,0.5256447209122959,1.1149543982356147,0.011356783761349135,0.0,5000,3096,1.0,7,0,1.0,1.0,1.0,1.0,5.058488621635071,0.008167371211116686,0.07836638817989018,0.000358630404437817,0.08070183635549195,0.530660167675247,0.15553127912119435,0.7470666889608348,0.007883313914471403,0.082641498429047,0.023294368403349208,0.041420864440412396
21,0.5235584295612044,1.1194521608318109,0.010592129139374469,0.0,5000,3124,1.0,6,0,1.0,1.0,1.0,1.0,5.326203720653423,0.012238026062029348,0.07243895761891371,0.0026046369653644845,0.08163240132803166,0.48118407368204996,0.18226786964191158,0.7829500042615261,0.010285844920931667,0.07595183679955879,0.03279961006909212,0.035909951631174726
22,0.5262465317972936,1.1180834831467272,0.009027739004244906,0.0,5000,3167,1.0,7,0,1.0,1.0,1.0,1.0,5.591284120999757,0.0177753818005587,0.06018600544129443,0.0053683280567611786,0.07430745075686283,0.4706178926066381,0.14249016920057278,0.8017010499684358,0.006168932532406623,0.06241619618779165,0.025643382481648384,0.028475325283590366
23,0.5220263059264725,1.1233235394279741,0.009865259957310924,0.0,5000,3160,1.0,8,0,1.0,1.0,1.0,1.0,5.837330382853249,0.020178719995002255,0.04869674452454852,0.0036618135653571555,0.06937727742049536,0.38261712509762347,0.1799656310207259,0.8198533660119405,0.008351628958745815,0.042288418727008566,0.0281544328371208,0.031222126781540356
24,0.5259163387163617,1.1175428243530288,0.009624074120928161,0.0,5000,3177,1.0,6,0,1.0,1.0,1.0,1.0,6.077681553779871,0.018745736231870213,0.04394601102046716,0.024530072400256463,0.08522537643417245,0.37680822769710853,0.2322596036553509,0.8290615409729082,0.009421914326806266,0.04015580138661203,0.0373116380140696,0.032014069122203836
25,0.5263718916644337,1.1196154207594429,0.007880355179757114,0.0,5000,3153,1.0,6,0,1.0,1.0,1.0,1.0,6.328854990305164,0.02687825629836122,0.04562825776111364,0.028590335022488034,0.06505477230299517,0.3900676289401819,0.2784844800067328,0.8281452776005138,0.0053013321738525345,0.04256660654951295,0.03983280026374914,0.025112755199020342
26,0.5286516080875705,1.1165454609176748,0.007572636906290123,0.0,5000,3177,1.0,6,0,1.0,1.0,1.0,1.0,6.5852329043613835,0.030374388903452162,0.057185808222568926,0.024611012210974816,0.07182543838078502,0.48265672166709866,0.351899004078109,0.8469582503568174,0.005460974229257217,0.05652309295458516,0.053469231139956254,0.019820741225275988
27,0.5240628445367751,1.1258794437461108,0.00667780678543281,0.0,5000,3161,1.0,6,0,1.0,1.0,1.0,1.0,6.840339737422108,0.03822464934026138,0.04873589065178897,0.015205541193754715,0.08092869082060443,0.5381445501741899,0.39854510283284517,0.8109271740895786,0.008282545592156958,0.045030643521267774,0.06375377022251717,0.03090654864982027
28,0.5240338133783329,1.1269175891998517,0.006071169497126048,0.0,5000,3147,1.0,6,0,1.0,1.0,1.0,1.0,7.087228944230821,0.04002112249884249,0.06933791988623933,0.014322241879748374,0.0682295347709617,0.5162466112562893,0.418385849329931,0.815087176416758,0.007129168227176666,0.044889863829254535,0.05003987864043001,0.032422183425527246
29,0.5200766292506407,1.1325604386758727,0.0065139568357655935,0.0,5000,3166,1.0,7,0,1.0,1.0,1.0,1.0,7.327178685817338,0.04668833239176306,0.080925441596446,0.007293347480442539,0.10033962076906268,0.49944972805808285,0.4493673970412454,0.7618371752096441,0.012239114897906932,0.04771031954340222,0.05855147468477406,0.05570506237014048
30,0.5219674774568046,1.1313052619995545,0.005708332854411044,0.0,5000,3174,1.0,7,0,1.0,1.0,1.0,1.0,7.572105275535809,0.048803398879657144,0.0904921401210534,-0.01734207067752767,0.10357498210849024,0.5334521213720149,0.4605479878325762,0.8258036137530389,0.012698992759798449,0.05058962847253861,0.055221198535694134,0.03609459037197815
31,0.5299079138460383,1.1230805282478333,0.0029622815829185704,0.0,5000,3181,1.0,7,0,1.0,1.0,1.0,1.0,7.829058663255137,0.04979029395072424,0.09246770587949729,-0.014432891314317834,0.045002303997285116,0.6096018138472611,0.5305056462709926,0.8081020348578865,0.0048399709043511745,0.03077691867404154,0.050910375323996115,0.018471048925680224
32,0.5345851032898042,1.1142990420161902,0.003364351801855076,0.0,5000,3137,1.0,6,0,1.0,1.0,1.0,1.0,8.080546811730636,0.053692958618636925,0.09271242330264365,-0.013155078505412334,0.049289470439957905,0.5778998585281665,0.5855347812786609,0.7862243434058902,0.004644313929047693,0.02953619225669105,0.04849660582941921,0.023586036224279152
33,0.5262981520540417,1.1264578314390012,0.004148951034411035,0.0,5000,3143,1.0,6,0,1.0,1.0,1.0,1.0,8.344463170485806,0.05556669451401258,0.09070758374085998,-0.01136826307224512,0.05838364705853119,0.561240038730214,0.5559795194031922,0.7353423498510023,0.005773780885667711,0.03859114899607539,0.046793172879554916,0.032328093602623446
34,0.5228825766264398,1.1321656114516587,0.004045987941670332,0.0,5000,3135,1.0,7,0,1.0,1.0,1.0,1.0,8.597503641053889,0.08422500405181774,0.09551306093182117,-0.01060596045141377,0.0783526105974707,0.5590844021617957,0.5802311395810907,0.6905683591183989,0.006752472342360672,0.04312065312505926,0.033078404924688554,0.040194281234834685
35,0.5206507159817989,1.1327620827587943,0.005818409979826354,0.0,5000,3172,1.0,6,0,1.0,1.0,1.0,1.0,8.858741979778248,0.08748382201874297,0.08650136727128839,-0.01381330556755474,0.05445496293072891,0.5627702597378882,0.6188566432998429,0.6588506715830815,0.006269793544366127,0.044339674177266655,0.025236954675938453,0.05523726133118196
36,0.524632427382043,1.1259335709927578,0.006030215652809718,0.0,5000,3167,1.0,8,0,1.0,1.0,1.0,1.0,9.088320393764734,0.09789475719664303,0.0863667788155332,-0.007884414904677433,0.05571211766708725,0.5073853616234495,0.5942957443469662,0.6170544255596111,0.004786247317784375,0.03739508110897625,0.03551791268017492,0.07353368690569867
37,0.5229395026219769,1.1263383568167022,0.007327631736558302,0.0,5000,3192,1.0,6,0,1.0,1.0,1.0,1.0,9.33726094163,0.10717209247900993,0.0890756765514932,-0.019817810725915888,0.06386301421921034,0.488640566633396,0.5733404264837307,0.6133572371251033,0.007660162419379867,0.044916761889335105,0.04362269397369271,0.06791317234488771
38,0.5249307458766151,1.1179830316194606,0.0100705492458636,0.0,5000,3167,1.0,6,0,1.0,1.0,1.0,1.0,9.595119424034397,0.10189586379449232,0.08424760832523354,-0.019885331324546476,0.04883841530956338,0.46283173724693316,0.5649865911696459,0.535980352674612,0.004307225808935444,0.07174223530805356,0.05149567687928444,0.06115370655644105
39,0.5200988737997303,1.1275065119667274,0.009288373677308046,0.0,5000,3142,1.0,6,0,1.0,1.0,1.0,1.0,9.843610289393974,0.10511978593892257,0.07209559789282473,-0.007436171749688922,0.055968932935354244,0.4696106437215437,0.5661380721437577,0.5417635730863232,0.005662930654216035,0.08371277918062532,0.06285063610660004,0.07108601867798622
40,0.5174418076690854,1.131467689698766,0.009534102819123882,0.0,5000,3174,1.0,6,0,1.0,1.0,1.0,1.0,10.116363361366153,0.10997481375823939,0.09228393675114853,-0.010484585057902477,0.04193134507570093,0.6223644785984802,0.6058204255330067,0.5601332332525343,0.00356825380976812,0.07244196370344064,0.052336046862190816,0.07558797560451133
41,0.5199254039772545,1.1271078211339904,0.009735732254705476,0.0,5000,3153,1.0,6,0,1.0,1.0,1.0,1.0,10.35596302928344,0.10973417666052866,0.0875578528026045,-0.022477475966096165,0.05596483053605587,0.6599161178736199,0.6372107464226058,0.5625163109996635,0.004309757932779715,0.0713850065437182,0.04686054488779122,0.07237839775796147
42,0.5236604275946576,1.119719311251562,0.010385339303799652,0.0,5000,3178,1.0,6,0,1.0,1.0,1.0,1.0,10.598486149611066,0.10738494890730581,0.08681275102972835,-0.0170789630985119,0.08144351080614376,0.7023281401945,0.5961124903470991,0.5748565080066329,0.006976677501739932,0.0812985678317901,0.05056816055097954,0.07058396392218103
43,0.5219322743850158,1.1262895042578285,0.008278201032234832,0.0,5000,3206,1.0,6,0,1.0,1.0,1.0,1.0,10.845420597996585,0.11169067444916615,0.08809175296007955,-0.014713099240785774,0.06394202787985696,0.7746552448256799,0.6418393630846877,0.5106294984097793,0.0049244287475239,0.03702724328454311,0.03512252822742709,0.07128101390013816
44,0.5239408179471485,1.1238657128838743,0.007794724613553927,0.0,5000,3142,1.0,6,0,1.0,1.0,1.0,1.0,11.09919965537117,0.1229578821134367,0.09011456021765545,-0.015159086009053623,0.0672367907470462,0.7573293244414718,0.6145610041810998,0.4678381954323906,0.006080637866585711,0.02961603039355033,0.042892823243341954,0.07882439854798788
45,0.5217618502417537,1.1214984588509036,0.011185451100191767,0.0,5000,3101,1.0,7,0,1.0,1.0,1.0,1.0,11.339971739267604,0.12714535840215596,0.08264857447470665,-0.014514192980071153,0.06219360135278882,0.6915732960024558,0.5696681719253169,0.43198130408664376,0.005334089992865981,0.034168553831491456,0.044806144092385154,0.09849448537396573
46,0.5226155734869614,1.1174666062695646,0.012691481155787415,0.0,5000,3157,1.0,6,0,1.0,1.0,1.0,1.0,11.588287975332529,0.12599838311588543,0.08528764637549023,-2.5443459466617524e-05,0.05844653907385325,0.6581607912547862,0.5576240588844731,0.4176940183564505,0.006384213559884955,0.04237274213678646,0.03528634024328404,0.09132401733570054
47,0.5273491663137809,1.1068824082613653,0.014168236333881371,0.0,5000,3121,1.0,7,0,1.0,1.0,1.0,1.0,11.844789193024969,0.12504002400574885,0.08283088255440313,-0.005108933729577613,0.05281245778076704,0.6196311616520032,0.5409831939420716,0.42155490611801877,0.005212947126241755,0.046940506277188175,0.054936254289543664,0.08838353600822295
48,0.5241765254689134,1.112608998309934,0.013845662660756885,0.0,5000,3157,1.0,7,0,1.0,1.0,1.0,1.0,12.100474635188082,0.11622547643357628,0.0834373554409486,0.01155271799862484,0.06114928925431127,0.6035462044575242,0.6614432381566642,0.4907183129079758,0.005466256809034807,0.05373415947469087,0.06404724825057978,0.07412639967175239
49,0.5206968282609205,1.1156187556679373,0.015473449692727386,0.0,5000,3165,1.0,7,0,1.0,1.0,1.0,1.0,12.361832095893627,0.13322608718754514,0.09670841088166193,0.009228371731271378,0.06369408797981425,0.5918014632546695,0.6813689769989494,0.43557355888895744,0.004569443043874266,0.05216427735640399,0.06665744474976706,0.061282822165021685
50,0.5253239274885877,1.1003521183450558,0.019734110474613053,0.0,5000,3162,1.0,6,0,1.0,1.0,1.0,1.0,12.608519097183576,0.15021250900714125,0.08944418665655543,0.005473862976577284,0.06440847358064031,0.6232361312608242,0.6115588311386365,0.37492301697118274,0.006947930767889839,0.04140664781786883,0.05246513954241383,0.07200544730140805
51,0.5286251087519509,1.0994535573136897,0.01711751643401053,0.0,5000,3142,1.0,6,0,1.0,1.0,1.0,1.0,12.845098174819363,0.15290982951762305,0.0887354685720683,-0.005259931974082838,0.04806369574989766,0.6591450372707647,0.502776987269457,0.27695727099976314,0.004929320257984357,0.03573448195611867,0.04393201392879445,0.04423539199354623
52,0.5319769501471945,1.0990053049510993,0.01440151833572095,0.0,5000,3160,1.0,7,0,1.0,1.0,1.0,1.0,13.083873120916058,0.14956278100847506,0.08678330528799982,-0.013022563240700436,0.05903461041993463,0.6731697460279717,0.4976576298139532,0.2249649544232736,0.005884311073921068,0.03303742205194618,0.03979694583004192,0.04271848158035403
53,0.530917256273553,1.1076916462795041,0.010587197745308917,0.0,5000,3142,1.0,7,0,1.0,1.0,1.0,1.0,13.343452690183636,0.15298132437326242,0.06738302484190692,-0.025394443002676962,0.06740410836527239,0.6518445201523898,0.5013196738690957,0.22631712213561814,0.00579864950340231,0.0256287468384591,0.03098789076824523,0.03030874649759378
54,0.5411112591627246,1.094700434541345,0.008878602705484693,0.0,5000,3138,1.0,6,0,1.0,1.0,1.0,1.0,13.586975307234901,0.14066528900289682,0.08639605573083634,-0.015160133632259506,0.0648200755033312,0.6947730942990719,0.46773564629437625,0.2565002079311514,0.0075841227604782875,0.0221251714232072,0.02251109648857136,0.0249349254042442
55,0.5390934444000556,1.1011717343485674,0.006751048955936521,0.0,5000,3132,1.0,6,0,1.0,1.0,1.0,1.0,13.83183341847438,0.13256914222079358,0.0855070801269877,-0.0070938068898274125,0.05155624844781086,0.6606684265345153,0.4803135215176642,0.360862018771665,0.004001222215565477,0.01943084848202634,0.022206442001991143,0.025918459452485037
56,0.5327691767256397,1.110018168924379,0.007457353781155897,0.0,5000,3204,1.0,6,0,1.0,1.0,1.0,1.0,14.082877400468174,0.13893828289373392,0.07332335068899495,-0.01708789838791424,0.05716849036522858,0.647524061833125,0.43542486189024393,0.3436703779574997,0.005653698757723015,0.030483205248033003,0.03898513372558865,0.031042139776901418
57,0.5271268448656075,1.1169368556773283,0.008815288542772668,0.0,5000,3172,1.0,6,0,1.0,1.0,1.0,1.0,14.330732946928991,0.13215055438977238,0.0678919491966054,-0.03696670475707284,0.06875696527691023,0.5883431328760792,0.46180737401108835,0.3272548452712755,0.008082506978897584,0.041071712736221386,0.05807387724192021,0.0360719292327607
58,0.5267138801420465,1.1163370987038705,0.009572751057641271,0.0,5000,3140,1.0,7,0,1.0,1.0,1.0,1.0,14.591956621861556,0.11942891080713433,0.05012932742661726,-0.05009608101305171,0.07836501047983231,0.5954262729373959,0.3875785841711243,0.31211567646237803,0.006744861908635629,0.025553408040551156,0.05713548761507911,0.05194982904244069
59,0.5343578046274698,1.10405760483272,0.009287145062004454,0.0,5000,3106,1.0,6,0,1.0,1.0,1.0,1.0,14.840000044483428,0.13982539488971685,0.047089459913896736,-0.04295223156505185,0.04412956328689923,0.7248871674821665,0.30528429299503346,0.22350926689633258,0.004364477728936479,0.035040824300451155,0.0745380527447475,0.05539143978378261
60,0.5257452261266816,1.117961098949145,0.00941284349850829,0.0,5000,3177,1.0,7,0,1.0,1.0,1.0,1.0,15.097107437426953,0.12692793452736212,0.0390939205585767,-0.05070487736580465,0.048419009950225717,0.7970282331842413,0.2457206732012272,0.1684910401886824,0.004505569915853925,0.04097486322562401,0.06164722873200068,0.028029823024481555
61,0.5233780412214394,1.12009288834849,0.010473647617361536,0.0,5000,3143,1.0,7,0,1.0,1.0,1.0,1.0,15.346139435676454,0.13789458615825856,0.03816240365725069,-0.04085155367739357,0.0545211567817277,0.782081359612057,0.2705055351024879,0.21740134470696676,0.005150191178336719,0.04668577831233489,0.07201131846941954,0.033569084784249185
62,0.519065743686369,1.1249912577780483,0.011739855496319122,0.0,5000,3112,1.0,6,0,1.0,1.0,1.0,1.0,15.603757376543417,0.12610434966903084,0.03786522901857899,-0.0422239862415623,0.06238520970213982,0.716341486277828,0.3292477700360823,0.2199283658817336,0.005883259678917315,0.08073687650933513,0.0987356358290669,0.04421886482323976
63,0.517318874904199,1.1288686068629459,0.011129393616327641,0.0,5000,3182,1.0,7,0,1.0,1.0,1.0,1.0,15.848153980140836,0.12217422884407665,0.03849618020787514,-0.036011809326882825,0.08279719414323766,0.6846368383154572,0.4071626613870064,0.22058462545256707,0.0092243361750135,0.08825011807920714,0.14216669827760245,0.027012667416611846
64,0.5193226478727244,1.1248365608061555,0.011546460830886243,0.0,5000,3182,1.0,7,0,1.0,1.0,1.0,1.0,16.10792670375303,0.12306851114690098,0.03178842720935768,-0.03953667186564311,0.08597718528274353,0.7523411335350867,0.470692879034831,0.23994435308867365,0.00818730123154822,0.055252198923208366,0.09010340567196055,0.03924353153591972
65,0.5187601965541769,1.127259219859779,0.010744459133548353,0.0,5000,3169,1.0,6,0,1.0,1.0,1.0,1.0,16.362970502016744,0.10813774425093703,0.029666895087019373,-0.03633293383633027,0.09380789669284494,0.8044559166204539,0.45153209523541793,0.26454838748518705,0.011430920387459438,0.03793875085633799,0.07514979398699878,0.05143351438769934
66,0.524165383921778,1.1235316887292763,0.00780693985356121,0.0,5000,3184,1.0,7,0,1.0,1.0,1.0,1.0,16.60591118067223,0.1097425110849372,0.01882590176171686,-0.03260572765094057,0.07589270513056333,0.849243066464725,0.44696122293144647,0.22300866247148246,0.008412356253973201,0.022646052445457747,0.057241573801885985,0.04456488389698967
67,0.5268942791241845,1.1187663474165706,0.008100000314963076,0.0,5000,3164,1.0,7,0,1.0,1.0,1.0,1.0,16.850529540028152,0.1310198211359754,0.01907165737376172,-0.04514702618926184,0.0766456448521734,0.8266565395306433,0.526828816880455,0.17463271499165792,0.008265594756547852,0.021586903923057933,0.0651850517318387,0.02452220492189141
68,0.5287216453686882,1.1171771614915154,0.0073581645999227984,0.0,5000,3171,1.0,7,0,1.0,1.0,1.0,1.0,17.093938008383937,0.1256015975332613,0.027163951138780874,-0.055645683703381965,0.06163901897353289,0.7986511946788841,0.6036718653863296,0.16586986401242024,0.0066360866790656755,0.029593278080634274,0.050968490912982306,0.022769685088001673
69,0.534731000941535,1.1069059785084274,0.007454432486323326,0.0,5000,3189,1.0,8,0,1.0,1.0,1.0,1.0,17.34556553089576,0.10560726307244259,0.012900731109443168,-0.06252386506945652,0.06764790610311937,0.7488232079108124,0.66718502220234,0.14166108761124205,0.00732541265451988,0.026235061085095556,0.032932517966898715,0.018806128016498388
70,0.5296547902784452,1.116903612606592,0.006504110252700918,0.0,5000,3194,1.0,6,0,1.0,1.0,1.0,1.0,17.59714422749221,0.10254339834133773,0.02085056414837843,-0.06226330313208749,0.07006812863329334,0.7629521924767508,0.7232642029450782,0.1441101003950131,0.00772080729420952,0.023859415237484187,0.03859965728385919,0.021595754193028137
71,0.5342996954577282,1.1077809550050743,0.007317905202400609,0.0,5000,3137,1.0,6,0,1.0,1.0,1.0,1.0,17.849611023098173,0.09544068690087182,0.00936056516616258,-0.06841806513759655,0.07313615901897275,0.771193732274329,0.8002145057786624,0.16383121964256578,0.007672440953142988,0.026869094948288513,0.028824565758243097,0.02202399564476065
72,0.5312039839046019,1.1110625372856355,0.008363047647502612,0.0,5000,3164,1.0,7,0,1.0,1.0,1.0,1.0,18.08386462537689,0.09876121128771732,-0.0018552166806837366,-0.06235854913694822,0.07406560570247987,0.7958709554368103,0.8116818262191746,0.23640903316881814,0.008332056389463242,0.022367904326141205,0.022688411956404524,0.03209567895107161
73,0.5286791211157476,1.1194889827383605,0.005998332478969971,0.0,5000,3132,1.0,7,0,1.0,1.0,1.0,1.0,18.341979796284694,0.09132528831648574,-0.011326262863599952,-0.049063366975867585,0.06610573814787855,0.8459031476792929,0.7570282881060992,0.3488892235472771,0.007248745948113955,0.016346549899628887,0.03130593265771779,0.03173844591663494
74,0.5291956437993323,1.1166407439677979,0.00707350473144347,0.0,5000,3154,1.0,7,0,1.0,1.0,1.0,1.0,18.579233612327172,0.09706710757358528,-0.010849239287067828,-0.0547852698962227,0.0788264306337876,0.825618112578129,0.6853284511239183,0.3308485406912384,0.008753326092307591,0.023557138634909058,0.044651625600745974,0.028146536737513685
75,0.5261690344804978,1.1217206439850542,0.0069738005059772285,0.0,5000,3179,1.0,6,0,1.0,1.0,1.0,1.0,18.831725389384857,0.084891540105682,-0.0006779438598799297,-0.04413693495474977,0.07178695802827934,0.827996710354206,0.7476981778236295,0.2909913702099743,0.007684930737035201,0.027390363374150125,0.0466295674392147,0.032185711785424176
76,0.5305718185000251,1.1155770462040477,0.006347213156606378,0.0,5000,3162,1.0,8,0,1.0,1.0,1.0,1.0,19.078549698832234,0.07905847314059618,0.004131186486703402,-0.03382262553905367,0.06540188310510109,0.8324995126850168,0.7693773773768094,0.2733545534763439,0.007262975003078309,0.016528620149283694,0.04557931404047751,0.04080720375331647
77,0.5278564496978223,1.1149712105629723,0.009240058219685736,0.0,5000,3215,1.0,7,0,1.0,1.0,1.0,1.0,19.322644688307335,0.07059886181667452,-0.0023565091339767677,-0.029365914000099518,0.06237860738090188,0.7679731974380256,0.8266098439565931,0.21663815261329847,0.0057602117259788746,0.019212224202152677,0.03603999158362078,0.035967260359028155
78,0.5302252829313122,1.1139713508502003,0.007748909619021851,0.0,5000,3165,1.0,6,0,1.0,1.0,1.0,1.0,19.565043009582556,0.047526331470402215,-0.00409005314334238,-0.030207725299627165,0.0686544124003778,0.7560859123504912,0.855633341364253,0.18460557278171566,0.008975777679139525,0.023332000505971423,0.022942374103963464,0.02671995664802772
79,0.534898037372904,1.1058074446597506,0.008011479678741409,0.0,5000,3169,1.0,7,0,1.0,1.0,1.0,1.0,19.815300331983227,0.049823444476556726,0.01212009595299881,-0.01971641825432826,0.0971619973385905,0.7742644923661052,0.8376665653329337,0.15757602555958197,0.009735060965780626,0.02785350130046399,0.03523378297471512,0.01879467792282017
80,0.5321603155236468,1.1119660190198617,0.006958253650493955,0.0,5000,3170,1.0,8,0,1.0,1.0,1.0,1.0,20.060268864540554,0.049186826244655285,0.015363286845011388,-0.016414485416145132,0.10716761359637766,0.8209270338576904,0.7513315218773297,0.13023566803137526,0.012973906840305159,0.02652045217372833,0.05364304767483534,0.015874013438352545
81,0.5301456379587378,1.113706282623618,0.007710200282794898,0.0,5000,3202,1.0,6,0,1.0,1.0,1.0,1.0,20.308475996797327,0.057375503642458914,0.02499012053674688,-0.006772290632257955,0.09122058114779537,0.8393823905843132,0.644554868138717,0.1285279922154526,0.008724938461646023,0.024507785858526136,0.06712685834533598,0.02079944421000101
82,0.5226199704475127,1.12122136398569,0.010688081642990756,0.0,5000,3169,1.0,6,0,1.0,1.0,1.0,1.0,20.555384981100644,0.03901603860092814,0.027200813501389524,-0.016032090500080524,0.08300323878434414,0.8537492338303079,0.6655397925236257,0.12741736660185052,0.00860757589056802,0.018783830771268054,0.07485346555171649,0.01983701907706077
83,0.5276626551007506,1.1132339584597768,0.010502701207782811,0.0,5000,3166,1.0,6,0,1.0,1.0,1.0,1.0,20.79667084825811,0.04353121862937094,0.011167925859513681,-0.01063465696685325,0.06357748083646769,0.7605639680712974,0.7566027265214631,0.15861916785498287,0.006567232579640766,0.025047050544660353,0.07551593767597232,0.022117859149020595
84,0.5255962825843257,1.1180791031185255,0.009573896819272162,0.0,5000,3176,1.0,6,0,1.0,1.0,1.0,1.0,21.04571460644696,0.04155482646295585,0.0014402878328534634,0.002117367605585972,0.08679243754136372,0.7124245441738303,0.8014850794899149,0.134326601854773,0.00846999539499481,0.02599412828654016,0.06010910479865633,0.01653139699287363
85,0.5236097730254933,1.1195219799665206,0.010562943026675962,0.0,5000,3146,1.0,6,0,1.0,1.0,1.0,1.0,21.284506861235887,0.041516600169468204,-0.011362215307450648,-0.008344829348345788,0.0861750799254461,0.6875240405653174,0.8555441378529501,0.16266153202221542,0.009235346139727877,0.033859604735505394,0.03268186982273364,0.020513647774993697
86,0.5250149156234493,1.1178416063418564,0.010228942691402676,0.0,5000,3135,1.0,7,0,1.0,1.0,1.0,1.0,21.53125834199629,0.030132188403889683,0.0016263945968619225,-0.01374544503541742,0.0805111963428522,0.6738029272773353,0.8667600944331554,0.1900621266681514,0.01002480988791447,0.041829568769804794,0.014789648331935886,0.02039326118663247
87,0.5251596012174635,1.1164414028360334,0.01093150538745322,0.0,5000,3140,1.0,6,0,1.0,1.0,1.0,1.0,21.768912484566794,0.03976965713848299,0.00993935342025342,-0.012165246879557529,0.07812887880691742,0.6474731720836412,0.874434773579786,0.2088495390931459,0.007930447603792187,0.04878123721013534,0.011187249697932451,0.025646566943791554
88,0.5256687947069074,1.1159949258827329,0.010559823085494526,0.0,5000,3145,1.0,6,0,1.0,1.0,1.0,1.0,22.02755740111309,0.05683006520678906,0.010817163573708058,-0.025968527921532515,0.06603708531764492,0.6384063889067665,0.8906667479439222,0.22033627178428764,0.006228799422666145,0.0317716262268473,0.011907794401715912,0.03387096512976513
89,0.5251577432227634,1.117151460321623,0.010491823765026363,0.0,5000,3152,1.0,8,0,1.0,1.0,1.0,1.0,22.281696942087834,0.06453414209664508,0.00593925646398123,-0.027091626145471826,0.0524484134178001,0.6665494585606542,0.845382902994715,0.1899146295058232,0.0051104485299602025,0.036495058895583896,0.023364510780313857,0.03497367820014895
90,0.5288658563076328,1.1050200979553437,0.013853897568029391,0.0,5000,3144,1.0,7,0,1.0,1.0,1.0,1.0,22.521726749832926,0.06595469574805966,0.0004974126978957742,-0.018778974440574837,0.057658429663974775,0.6460967829201996,0.7693677548957059,0.1716549071611026,0.007217866644607992,0.03220444927511878,0.034658333139604654,0.02985682926554215
91,0.5265211679039541,1.1093446199285912,0.013605097108026012,0.0,5000,3175,1.0,6,0,1.0,1.0,1.0,1.0,22.775363487410022,0.06016592286561607,-0.010709619890423783,-0.01156133737285025,0.05906955725127187,0.691959945876609,0.7751923939752288,0.20636628285002093,0.0053686957000655955,0.034729189885865396,0.03326239344733582,0.03477492503707068
92,0.5303577995250323,1.1049786582345071,0.01255229758481739,0.0,5000,3141,1.0,6,0,1.0,1.0,1.0,1.0,23.012138345975647,0.04481353681718216,-0.012519020070456528,-0.009219217116593535,0.0707897563555352,0.7430193698483518,0.7760325526283687,0.20390440728532752,0.008271690148636114,0.043034587787250556,0.027108542617059594,0.04583210701088276
93,0.5282212848785719,1.1069730390243744,0.013265095343780082,0.0,5000,3178,1.0,6,0,1.0,1.0,1.0,1.0,23.268999243459326,0.054734910824354215,-0.006914305866893154,-0.02649014364602468,0.07389286022772898,0.7346051590196787,0.7457977819179388,0.1775302082548255,0.007245454868261992,0.03830892364031532,0.037949883773685085,0.047161856509424345
94,0.528723749141069,1.1037118779208144,0.01478057733862367,0.0,5000,3121,1.0,6,0,1.0,1.0,1.0,1.0,23.51078255875503,0.06879202747959534,-0.02661379810727675,-0.02739226521294915,0.07251134425376454,0.7182829270152048,0.7218484214647902,0.14474639876146037,0.007801895399803152,0.04024038062126904,0.041143311390376226,0.04347603269957379
95,0.52577291834906,1.1112343582836892,0.013205461092057794,0.0,5000,3161,1.0,6,0,1.0,1.0,1.0,1.0,23.760133021525032,0.06503170636315306,-0.005658196515217161,-0.022748959854480194,0.07507568487508555,0.7236052977797468,0.6420399574097262,0.14574830906825756,0.008285351460679609,0.0323406112170163,0.07498693069253096,0.018855746303913994
96,0.5262756748962963,1.1121932087199735,0.012306471694623938,0.0,5000,3163,1.0,7,0,1.0,1.0,1.0,1.0,23.99113795734057,0.04057917448232479,0.005681179859281125,-0.034110880835464694,0.07187276766450063,0.7101221109270931,0.6562623724274755,0.169289356313079,0.008483805364178641,0.03416461850103199,0.0595659335875696,0.024040816186612995
97,0.5290935355312496,1.1054161424725804,0.013384449088574994,0.0,5000,3148,1.0,7,0,1.0,1.0,1.0,1.0,24.23325090637021,0.06102554174385308,0.02109396194351365,-0.03239145357161796,0.07659407232785785,0.6512913671059133,0.6578065723977207,0.1936736715948261,0.008625178538662785,0.03817197857714577,0.05342868216614636,0.0355470657467149
98,0.5250314949832426,1.1137056874719897,0.012543245572795458,0.0,5000,3188,1.0,6,0,1.0,1.0,1.0,1.0,24.491616859679013,0.06355178729383822,0.027798069195747375,-0.03061232876958842,0.07950568295710425,0.6061130299102507,0.7087132224363476,0.22305979164148854,0.010126234314755799,0.04259126068803833,0.0433662799714927,0.03869315177047847
99,0.528149049069928,1.10728653780056,0.013328071173369073,0.0,5000,3165,1.0,6,0,1.0,1.0,1.0,1.0,24.72199936480545,0.05725685507705071,0.021676957703524083,-0.03103213685356485,0.06611583154278194,0.5984936705825691,0.774149169252617,0.25538839336200525,0.006801026424991537,0.054030896609200456,0.03771076159979797,0.040918263023767686
100,0.5227314523589697,1.1179827413986347,0.012258607366605515,0.0,5000,3180,1.0,6,0,1.0,1.0,1.0,1.0,24.97357508772698,0.06806639089421451,0.013963482486376508,-0.025731945924579787,0.06718269018276152,0.5540945608878991,0.790190847862792,0.26923239272620864,0.006925788426053595,0.05398283194170115,0.03138177888987698,0.03834744862423563
101,0.5205093479204269,1.1206700302579276,0.012821352414303827,0.0,5000,3150,1.0,6,0,1.0,1.0,1.0,1.0,25.232810616223137,0.08313363420687711,0.01476184402322822,-0.021734233135770786,0.06471202890002382,0.5224604162727197,0.7764579627918953,0.32174835008508856,0.0056478453821624365,0.05462471751867954,0.03546010999044914,0.037126522566732795
102,0.524447527057033,1.1097312425863026,0.015210222147603432,0.0,5000,3141,1.0,6,0,1.0,1.0,1.0,1.0,25.47549836485405,0.10023429538141265,0.018872826402334855,-0.005922001821905432,0.060570295569969845,0.5239877988520019,0.7337677520639346,0.34558658348035587,0.006988082561575449,0.06134169531304447,0.051312952069010126,0.04571648259977127
103,0.5211796214036563,1.1189160088934857,0.013161126692340019,0.0,5000,3180,1.0,7,0,1.0,1.0,1.0,1.0,25.726214003277786,0.11472127478532093,0.030008289471980795,-0.005570747806564713,0.06868356867691877,0.5020775935539019,0.7543291812809831,0.4287366020983183,0.008575321962061193,0.08017674262483207,0.04919480483462494,0.036976914986418336
104,0.5240798433191797,1.116943114025515,0.011569863760548603,0.0,5000,3161,1.0,6,0,1.0,1.0,1.0,1.0,25.96979253185515,0.14162695469687137,0.0251937332336492,-0.007128712638752034,0.06069326983367191,0.5441143014704195,0.7098497732239778,0.47175410521930244,0.005582895101359033,0.08261567332718536,0.058630081775893905,0.04458637302803308
105,0.5219911621684524,1.1193040715319436,0.012093128612389814,0.0,5000,3158,1.0,7,0,1.0,1.0,1.0,1.0,26.218716204008462,0.12857185432831797,0.022110042091050365,0.010839369851963258,0.08002712564249743,0.5754048200337445,0.6729914083300323,0.5154738795742544,0.008565827303786043,0.10572466257267982,0.07220834228490018,0.05209192507563199
106,0.5253405630219904,1.1123724573153926,0.012946261466043342,0.0,5000,3211,1.0,6,0,1.0,1.0,1.0,1.0,26.448330083367406,0.1402010106780105,0.008938001371159795,0.012482923032834603,0.08089061268537867,0.513162187077632,0.6954206013903641,0.5117348064374649,0.008019111835930338,0.0942608161446777,0.07563928979858903,0.058708868959854145
107,0.5279964958866874,1.113799063363943,0.009803410206945563,0.0,5000,3200,1.0,7,0,1.0,1.0,1.0,1.0,26.699410584008145,0.13922604365494945,0.0029467183087768817,0.000919900642688657,0.09401831761388693,0.5294155407097344,0.6274144326739827,0.4721188034527041,0.01064576313695926,0.12478155044811913,0.1071966629415222,0.050859354360310895
108,0.5261517626510169,1.1173894839540037,0.009521401215280665,0.0,5000,3155,1.0,7,0,1.0,1.0,1.0,1.0,26.955716498507606,0.1400986319586586,0.010249155922959021,-0.01068181390775091,0.07776800392245091,0.7861598103137776,0.36543007485183593,0.3650539490373748,0.008880824748627867,0.07069916702874861,0.14404767115102132,0.03661875309406249
109,0.5318541182301622,1.1110179508763245,0.00783243913675358,0.0,5000,3183,1.0,6,0,1.0,1.0,1.0,1.0,27.21022957442189,0.14648269975356182,0.0018680415058159438,-0.01940701431925149,0.0695939046481043,0.8546200938112785,0.21736574822058338,0.39025598757023217,0.005745676138011215,0.04335559486906991,0.09458286950794667,0.029692460263725958
110,0.5282508913969594,1.117910877799947,0.00717269431366077,0.0,5000,3182,1.0,7,0,1.0,1.0,1.0,1.0,27.45339994172805,0.1473844355128085,0.001599452886845893,-0.019722305270176217,0.07737303431613396,0.88507580220918,0.13000996866302716,0.4471963708529046,0.009580623834801103,0.02209812963786656,0.051542074176067626,0.032241432172986015
111,0.5266725641574274,1.11818712015876,0.008530022037943851,0.0,5000,3172,1.0,6,0,1.0,1.0,1.0,1.0,27.708120550811536,0.13236733278493296,0.0145477117430831,-0.01963974796710685,0.06120275844107538,0.9005723116462101,0.12805452675785448,0.391019090508229,0.007093421555080377,0.010666994386344775,0.03205945990680516,0.04375054532997125
112,0.5306121506654607,1.1101074173947436,0.009568252207991079,0.0,5000,3184,1.0,6,0,1.0,1.0,1.0,1.0,27.97608894390155,0.1340020265664732,0.011591919977975755,-0.015164599101729802,0.07232409245356104,0.902210160693745,0.12201894284874504,0.40092985061795594,0.007134986671208358,0.008245257742733162,0.01959447863980622,0.03449515695553829
113,0.5350834781092264,1.1050992078274293,0.008327279631632543,0.0,5000,3144,1.0,6,0,1.0,1.0,1.0,1.0,28.2427593558795,0.13159630610288728,0.014238971721332108,-0.019793231252016586,0.07589072732147056,0.8944358639978818,0.1114132042320685,0.4450095853406553,0.007473465593214743,0.009427896404100324,0.012977836955011993,0.04917163259236668
114,0.5399894660648364,1.1000331674010444,0.006537024638860177,0.0,5000,3170,1.0,6,0,1.0,1.0,1.0,1.0,28.495964956674467,0.12198730792590758,0.02069550125247715,-0.03788149580445818,0.07288894725504405,0.8763118482713398,0.1428764706791152,0.43194902890821596,0.007567606240711092,0.011498918341713762,0.01544830974148364,0.06744252357870655
115,0.5334302895149651,1.1077483799418977,0.008328719401241276,0.0,5000,3148,1.0,6,0,1.0,1.0,1.0,1.0,28.730668681275947,0.1123260728175397,0.02290276827291805,-0.0227017203748002,0.07378150432355056,0.8637508864363707,0.14424933245884117,0.40796788101263814,0.009569990943037744,0.01569596759323793,0.019728458120412535,0.07951511935964072
116,0.5361198436912579,1.1002862860004314,0.00990296871182395,0.0,5000,3146,1.0,8,0,1.0,1.0,1.0,1.0,28.993436309164018,0.1151880367480922,0.02152106455324809,-0.031525763990603736,0.07878064807539964,0.8253435713479556,0.20799173696741913,0.4136965483769904,0.008008792449681992,0.021196124095401614,0.02925814522966639,0.06562489124087534
117,0.5302749145565184,1.1103061362167976,0.009599589227353805,0.0,5000,3176,1.0,5,0,1.0,1.0,1.0,1.0,29.232219792337833,0.11365911856053422,0.027612932603289793,-0.03095709478873477,0.09849562894966851,0.8100420900111857,0.2629701190853799,0.3247596177133596,0.011874437374167544,0.02786741501236754,0.03602826462311025,0.04474737740459044
118,0.5313467564809189,1.108738441077287,0.00939491896499681,0.0,5000,3144,1.0,8,0,1.0,1.0,1.0,1.0,29.47479192218005,0.10216024303941638,0.03763583466012731,-0.029546866310415035,0.08612856103469194,0.8038258797812515,0.2721875818051789,0.3136263490637911,0.00838905415457109,0.028727184877840786,0.044443176162679336,0.0362932700943594
119,0.5248982551009299,1.1181861925225058,0.010110998510896394,0.0,5000,3140,1.0,6,0,1.0,1.0,1.0,1.0,29.713449723585157,0.09310900714421538,0.031498963910570575,-0.01551097120838833,0.0799764088549374,0.7919512395005818,0.27457925604396255,0.34093712450017266,0.00786158992223351,0.03186421813879112,0.04857920705465782,0.06294569528950952
120,0.5229374090186586,1.119449648649401,0.011288386029426768,0.0,5000,3168,1.0,7,0,1.0,1.0,1.0,1.0,29.952914482701114,0.09557695007902801,0.03557376824997202,0.0070084680017843196,0.07796485464960562,0.7550988101514967,0.25560897159275325,0.3499902208263119,0.00761610259750797,0.04849031857608689,0.03923073994608473,0.08538723986580576
121,0.5261383096163778,1.1161436513893872,0.00996948870959843,0.0,5000,3129,1.0,6,0,1.0,1.0,1.0,1.0,30.19632511823069,0.09265605847057187,0.04190267083194277,0.017683908218745804,0.06909720574698357,0.8037231602201045,0.20430428888958257,0.3413645356373632,0.009806164997420888,0.042545635488113416,0.03261237107219436,0.0969435773075489
122,0.5192852033506765,1.127588372428895,0.010021370415767155,0.0,5000,3180,1.0,6,0,1.0,1.0,1.0,1.0,30.454834328564527,0.10254472467908618,0.03692579873801251,0.014742299331232672,0.05142789865243367,0.8159463770352717,0.15077437893132642,0.3408200396765194,0.004403456545087088,0.038524091929031896,0.024544756314606838,0.06434375947055306
123,0.527590409759648,1.1130280697056427,0.010493580872102727,0.0,5000,3141,1.0,7,0,1.0,1.0,1.0,1.0,30.681106712750612,0.07883629143994683,0.008370283003681301,0.0019521799931621429,0.06101072566981096,0.8492107277322659,0.18604807065621082,0.3664055640097927,0.005537208189736374,0.029274329839679654,0.022107889295673956,0.08658693550027446
124,0.5251765068902412,1.1167044455715154,0.010783090179119582,0.0,5000,3176,1.0,7,0,1.0,1.0,1.0,1.0,30.928797111743165,0.08186426205033774,0.005638108246457638,0.018656357584306095,0.08472803764623764,0.8371384779605796,0.20099738666007735,0.43756993448928105,0.008118552477438938,0.026971433214092125,0.023357006011340452,0.09459191170986733
125,0.5245837020488042,1.121642158874737,0.00848626923763489,0.0,5000,3173,1.0,6,0,1.0,1.0,1.0,1.0,31.18623484628401,0.0729006615115449,0.02485778325733724,0.009178631162456123,0.08632392881140635,0.8361703333995673,0.2018849882008523,0.3608914435615732,0.008752113016704853,0.019382959438382433,0.0252126133387257,0.08992854926385625
126,0.5194544706458225,1.130412321281396,0.008306706051085619,0.0,5000,3164,1.0,6,0,1.0,1.0,1.0,1.0,31.443659232571754,0.04747160752864997,0.01582863645934557,0.005565147135067934,0.061144106380341214,0.828937458189886,0.20651053290062032,0.3717659200695594,0.005905328744750599,0.017281168170593265,0.022602424719982597,0.10953302036708555
127,0.5229160654115902,1.1226449189195005,0.009405894908081636,0.0,5000,3184,1.0,7,0,1.0,1.0,1.0,1.0,31.68072351472369,0.038475563104814696,0.016216967144126914,0.020719869250201514,0.07155908423909535,0.8371443581075592,0.20231464468501223,0.4274763085404031,0.008130756147788284,0.018540180490139172,0.027874644494881886,0.11602796218620715
128,0.5206483414440024,1.1261339266081258,0.009654550881711582,0.0,5000,3169,1.0,6,0,1.0,1.0,1.0,1.0,31.93136742988503,0.04617258986747708,0.013677106072994005,0.022985815282051868,0.06579625754354443,0.824558653618864,0.20273726601452458,0.4111912152172067,0.008428692232690185,0.02472557141785678,0.03434070428417647,0.12372607522435848
129,0.5268588647527633,1.1174524172142746,0.00864936940972873,0.0,5000,3144,1.0,6,0,1.0,1.0,1.0,1.0,32.1697992022157,0.047088712708250574,0.02419212005446898,0.043407795433594396,0.05968177805466071,0.8402018202356485,0.23380497165066577,0.44072261202382923,0.0058591862288993315,0.026636360524060883,0.036468187662441046,0.160445042191198
130,0.5200336219794103,1.1267812680343319,0.009821404137168515,0.0,5000,3150,1.0,6,0,1.0,1.0,1.0,1.0,32.42863818462604,0.055414085716342515,0.04224071545717975,0.024006332180617873,0.07393698386938025,0.8431112133083707,0.22247044002841543,0.4710479928561332,0.006655234901860351,0.022092548320372617,0.02510097380415378,0.15615009807633107
131,0.5210478085911922,1.1225774396967683,0.011177598133013021,0.0,5000,3161,1.0,7,0,1.0,1.0,1.0,1.0,32.67555211529999,0.049512055745558156,0.04561116632319252,0.03082044620915177,0.08209250636545486,0.811806346125068,0.18823940023531258,0.46875444961034,0.007838415283369952,0.024548727605792475,0.02756535352970129,0.13223144839140072
132,0.5252221076814664,1.1222304057774055,0.0075980330029733,0.0,5000,3179,1.0,7,0,1.0,1.0,1.0,1.0,32.92948619957953,0.03579492383249163,0.05066389630754185,0.02966889345467822,0.07067842041507753,0.8072049323423688,0.17875173277504194,0.5067244696013762,0.006032057586820401,0.02824508931423717,0.02837777562781884,0.1497532053055928
133,0.5230666341715036,1.1241782406344885,0.008468145196057356,0.0,5000,3195,1.0,7,0,1.0,1.0,1.0,1.0,33.16386003987371,0.035565942301027303,0.050314403162488544,0.0335786994489055,0.05549564884622217,0.8018336429079623,0.22658193412992036,0.5103011085236121,0.006296868515238038,0.030634375957425523,0.03088439654977105,0.14491008759769555
134,0.5251665618569968,1.1170948597673163,0.010611490284546814,0.0,5000,3136,1.0,7,0,1.0,1.0,1.0,1.0,33.40279290369959,0.02363788098560731,0.036695256002706615,0.017225860554974794,0.06386000758987648,0.7970777850276567,0.26823420096492817,0.4129976081516158,0.006408071562275118,0.04192066036496634,0.043589505041152755,0.12350577130134918
135,0.526157413513373,1.1149306944917878,0.010813703951150128,0.0,5000,3165,1.0,7,0,1.0,1.0,1.0,1.0,33.63998184330222,0.01957669247039015,0.04083145259491411,0.023706342074898377,0.07104581404623828,0.81379436668841,0.3324620944454372,0.4031401880171659,0.005900410376288304,0.0435611484241905,0.046873126505122494,0.09788306220039394
136,0.5338944370180969,1.0996739826842585,0.012410622287289149,0.0,5000,3188,1.0,6,0,1.0,1.0,1.0,1.0,33.87903369012946,0.019836224597068606,0.0431381831309806,0.03172786284068313,0.07918136382568919,0.7993273867842603,0.33669710921382195,0.4223226318367292,0.007676596501097797,0.03490984504873457,0.05174009487072915,0.10961476253863446
137,0.5401408843033249,1.0919455304906613,0.011124062897526574,0.0,5000,3146,1.0,7,0,1.0,1.0,1.0,1.0,34.15016116904999,0.01657562355353097,0.050691591371907756,0.009534355295292379,0.11305881258644826,0.8139191143110476,0.32863248017055086,0.3199837815613858,0.010797787479946948,0.03977601846018129,0.05180890180371147,0.1216575741898348
138,0.5409172474378295,1.0951332714949207,0.008368235990351372,0.0,5000,3139,1.0,7,0,1.0,1.0,1.0,1.0,34.396965309406035,0.016001344794737478,0.060953610078625584,-0.004265272085869741,0.1524359633510449,0.876012953759417,0.2507063001110661,0.1721215441851266,0.017215610758701445,0.0255338622582534,0.03212594908345226,0.05006610353832727
139,0.5261258292736267,1.1212643426867372,0.007253874514468624,0.0,5000,3161,1.0,5,0,1.0,1.0,1.0,1.0,34.66616854891207,0.012929816997452713,0.06204663741889832,-0.0006766669816143534,0.19643959398172614,0.9147721702349855,0.20725818848990585,0.15971510011941192,0.026929347632025213,0.009624328606993894,0.04285202518465217,0.020453176419175264
140,0.5245095404991276,1.1186303069400216,0.010268334744292808,0.0,5000,3172,1.0,7,0,1.0,1.0,1.0,1.0,34.91951042800498,-0.0023606197356878435,0.06595528780026227,-0.01075773503868197,0.08515085174508054,0.9044927307380545,0.2509872378298488,0.17129550857006728,0.0073250705337175905,0.011681684066712016,0.05583494486066309,0.0377067594536261
141,0.5215228414730008,1.1202219988482782,0.0122027001320851,0.0,5000,3156,1.0,6,0,1.0,1.0,1.0,1.0,35.16359704612109,-0.005784573949658147,0.05931636470061692,-0.02298430681043091,0.09137198258173015,0.8770085297910184,0.22498992174530805,0.10984715640189986,0.012837915953119367,0.015440795919415344,0.03920730210468128,0.02175399437475965
142,0.5286662283398159,1.1054983721014864,0.013645314823235551,0.0,5000,3152,1.0,6,0,1.0,1.0,1.0,1.0,35.41109706762196,-0.010404926303765952,0.05512681550934611,0.006289464881693702,0.04974094672303803,0.8563718195851449,0.20187496935108684,0.13952465860990115,0.005136633147220838,0.014330940388101291,0.04119100929108587,0.028142643318445192
143,0.5295455648170347,1.1018646395015428,0.014852699493764276,0.0,5000,3131,1.0,6,0,1.0,1.0,1.0,1.0,35.65702939827479,-4.645928325629038e-05,0.05028795684325084,0.009926188669695923,0.054317820234158126,0.8226661566132332,0.20671696217654784,0.16673757686842258,0.005201050954243278,0.016710771698245776,0.047996818216297525,0.02861923381976896
144,0.5261519713370517,1.1063039112530761,0.015604416052369069,0.0,5000,3194,1.0,7,0,1.0,1.0,1.0,1.0,35.91046944772678,-0.0002543547657387588,0.05202634391950456,-0.009855349885751631,0.05914639255003661,0.8455784553953601,0.22930099011211028,0.22477328124194618,0.005835064454979519,0.019869847325185062,0.06638264903242855,0.029574039973885708
145,0.5267404600416649,1.1096520351704622,0.013133380145915002,0.0,5000,3157,1.0,6,0,1.0,1.0,1.0,1.0,36.17011494815235,0.005323846730662341,0.05752648384319013,-0.009555141452746907,0.05278828648643756,0.8703473559262864,0.26927582393289506,0.25296015374764413,0.006595527093735834,0.01571628028270723,0.06506084345438128,0.036976745486558354
146,0.5232590195911793,1.1214368097732592,0.009882576938714967,0.0,5000,3177,1.0,6,0,1.0,1.0,1.0,1.0,36.42252320716165,0.0027368552445211016,0.04875715444244551,0.0030174999983340993,0.07284023014853186,0.7933960524137976,0.29440987363165194,0.23964158997638615,0.007403654868189891,0.024616251278067075,0.05295714387374172,0.03531824676532309
147,0.5223642453634534,1.1233706916230528,0.009628627036630767,0.0,5000,3180,1.0,7,0,1.0,1.0,1.0,1.0,36.67322629035596,-0.006383460208506971,0.04988629225581214,0.013726830845999707,0.07900396847874272,0.7690925101874666,0.25685416701374575,0.16979901084545684,0.007571213597771296,0.029019590032159415,0.04509762802459955,0.0252147582206781
148,0.5266610678400638,1.1132369557709394,0.011293853291137898,0.0,5000,3167,1.0,6,0,1.0,1.0,1.0,1.0,36.92859151777783,-0.0020194484923522927,0.042506990953932317,0.010116518132378051,0.06891222724523392,0.7355155381979271,0.3140333928583072,0.1841852205553982,0.006011049556410365,0.036802717873801204,0.04836347027632764,0.02653102455311013
149,0.5224192082761457,1.119386825829673,0.011742359180987694,0.0,5000,3182,1.0,6,0,1.0,1.0,1.0,1.0,37.18273003077046,0.004390500165251957,0.03830789981727127,0.012047338883439868,0.07174361948646506,0.768888055809819,0.3379625001370432,0.1899249136635879,0.006920620765138113,0.024107871088456512,0.05377495495918314,0.030479213323504485
150,0.521527840636355,1.1174426721545319,0.013662147263764716,0.0,5000,3150,1.0,7,0,1.0,1.0,1.0,1.0,37.415827870519365,-0.001056062047421676,0.026243760962176926,0.018413665884780807,0.06236354947721476,0.7759429717259035,0.30557341814118827,0.21237755690670987,0.005449278089190339,0.03231955706272739,0.04593425847530605,0.035391902205712006
151,0.5191980408103789,1.1175517922306688,0.0157100361173834,0.0,5000,3149,1.0,7,0,1.0,1.0,1.0,1.0,37.67109103185645,-0.010107818307108237,0.021762308048235326,0.019485915182866884,0.06565901623894839,0.8283524850080582,0.285338185530155,0.19435385975191286,0.00926028565068208,0.03333214210493957,0.05184708424298776,0.028846166884689002
152,0.5196558774475016,1.1221413537614624,0.01280855486537821,0.0,5000,3190,1.0,5,0,1.0,1.0,1.0,1.0,37.94227149890025,-0.028928928132029595,0.017441515665847226,0.017105647528318717,0.04704084387780218,0.8651804135823348,0.30351545547625447,0.19425052966513046,0.004538182610774244,0.016818670209199145,0.05285181059230507,0.029766472075974843
153,0.5249514375790574,1.1114973066972398,0.01381830577260166,0.0,5000,3177,1.0,6,0,1.0,1.0,1.0,1.0,38.179911623683054,-0.03057678296167961,0.029796114058899835,0.00416317109030905,0.05454819694335072,0.8682814501392084,0.3440210203250048,0.17361565360986964,0.0055551909824068605,0.02025904649020462,0.060649520242237985,0.028797649514821843
154,0.5272395533662226,1.1061603402184992,0.014723735062597793,0.0,5000,3160,1.0,6,0,1.0,1.0,1.0,1.0,38.433077773445845,-0.02601839329625703,0.028254702734332844,0.008500806869076828,0.05543415027672125,0.8301665948193712,0.3363544378245229,0.1796321216833941,0.004666727065865222,0.033782997806786626,0.0758822728530653,0.023281244932507453
155,0.5274684985709733,1.1066324351000112,0.014191283217435985,0.0,5000,3147,1.0,7,0,1.0,1.0,1.0,1.0,38.68218866647687,-0.014907181477099131,0.03401848968475587,0.01017576326343262,0.06402544902789321,0.853519467821972,0.21861266501688614,0.21387819602963082,0.0071230258014141215,0.03130749386845038,0.06542709660119299,0.031023274695248786
156,0.5244662486259284,1.1121473697257263,0.01395632633280099,0.0,5000,3147,1.0,6,0,1.0,1.0,1.0,1.0,38.92733409726441,-0.008605206096226514,0.03301078618136995,0.025865673300460492,0.07322290542660649,0.8382914606173508,0.21341586243691094,0.21878300953773083,0.007174452763736765,0.029992111336340593,0.05117193056054736,0.03886997247062275
157,0.5242639449275325,1.120272165094688,0.00952640771255992,0.0,5000,3147,1.0,7,0,1.0,1.0,1.0,1.0,39.18941329264888,0.0032311859947082265,0.02857701221431803,0.027195641887917513,0.09857214385288553,0.7880824617344186,0.1734487095572627,0.2120068891347043,0.010813898451837186,0.022072930057038646,0.04407849063217671,0.03625801691314171
158,0.5253226962667727,1.114093579402038,0.012171930285327162,0.0,5000,3179,1.0,6,0,1.0,1.0,1.0,1.0,39.43171758878499,0.007431606605740971,0.022018065964120554,0.03413430451799299,0.07285850502781631,0.7468095209566822,0.19657202486481937,0.216166369222435,0.007259180498604752,0.026546561547845703,0.04372328346075199,0.02609833023703401
159,0.5271755828247459,1.1104567713857412,0.012569685442147618,0.0,5000,3135,1.0,6,0,1.0,1.0,1.0,1.0,39.69579735023526,0.015617545376468589,0.022173009345926687,0.04304473449066708,0.07039784966861165,0.6806933176724694,0.182447791918435,0.2721178362211282,0.006076077182493806,0.023808106039043146,0.05409428279735407,0.030831884329902585
160,0.5393581787985752,1.0927088540299474,0.011237635459527863,0.0,5000,3169,1.0,6,0,1.0,1.0,1.0,1.0,39.94516431209173,0.017562986549348455,0.04387636401188077,0.04725371119819618,0.08699364254080376,0.6439483254079171,0.1126310520332302,0.32710370236885694,0.008557582685400543,0.02497050253063296,0.027524686837530607,0.03161418737851958
161,0.5316319932916636,1.108789257236516,0.009273574350250455,0.0,5000,3161,1.0,5,0,1.0,1.0,1.0,1.0,40.1960413795477,0.029504522402664487,0.026082831692375297,0.05031690277444391,0.10735771632275402,0.6233521983197898,0.07974580384940963,0.3344872715755961,0.011467836023936672,0.022301972064379966,0.012479157328044532,0.03317028985282125
162,0.5292834143123191,1.1110955538835319,0.010017190878579212,0.0,5000,3165,1.0,6,0,1.0,1.0,1.0,1.0,40.45410373350202,0.037816379390813004,0.034401144096771294,0.05495582876117369,0.09739421810111316,0.6648723195048493,0.09529653481397506,0.3059229575049259,0.008979200247328513,0.024380831155332267,0.011394797756568657,0.033705442576195954
163,0.5256998318710692,1.1119703017901434,0.012897004835394504,0.0,5000,3130,1.0,7,0,1.0,1.0,1.0,1.0,40.687241117302094,0.033277386552437505,0.035356170235678386,0.04523057543582705,0.08629655167631865,0.638356061563173,0.11585227913407643,0.3134470663256764,0.008847283581126077,0.031380968478552804,0.015482190268269653,0.035210481635151836
164,0.5279425591708804,1.1078658828800898,0.01295470250906155,0.0,5000,3170,1.0,6,0,1.0,1.0,1.0,1.0,40.95346315910268,0.02847104635331683,0.03417553989779407,0.05142979424331793,0.08080461892351193,0.640391819501452,0.11153643302014239,0.3386202937102563,0.009345826373123749,0.047457913464811395,0.013959414663308911,0.03806184079339942
165,0.526700220999685,1.1102800499227872,0.012879988970504104,0.0,5000,3166,1.0,6,0,1.0,1.0,1.0,1.0,41.188388346148386,0.03549001308770327,0.032942072377406796,0.056638720902919035,0.09629150673997683,0.6536230217201057,0.14067401282549316,0.3539577749547124,0.006874920410759396,0.04712281738019084,0.017077202257130174,0.042309905835853936
166,0.5244370061951387,1.1112484242483471,0.014471119795468963,0.0,5000,3158,1.0,7,0,1.0,1.0,1.0,1.0,41.436004147811396,0.028978792790157238,0.015849263674510533,0.0498677847070413,0.09900034476657563,0.5470935023577274,0.14568109427664977,0.30890681597979197,0.009155064195265714,0.049886055882259604,0.015094298158103325,0.03813777874620281
167,0.520927140625685,1.1175695931152778,0.014149331272853293,0.0,5000,3136,1.0,7,0,1.0,1.0,1.0,1.0,41.68495002666884,0.03416761664613391,0.013454579766645937,0.054630485901794146,0.08822613860207837,0.5170826015123372,0.14922357554393453,0.2934329056979798,0.009094869158034265,0.05743778685859842,0.016506388749075212,0.032259654492789454
168,0.520988484355463,1.1161934878130344,0.014933111266959061,0.0,5000,3163,1.0,6,0,1.0,1.0,1.0,1.0,41.93832902884522,0.04048265024917227,0.0012828039213944945,0.06707303382858966,0.07257957524036987,0.5225574242088377,0.21604946162584068,0.28292002148249373,0.006503674564338421,0.056781067236970226,0.0234073135081384,0.03544924308966801
169,0.5218529838330094,1.1155361746762984,0.01438579568802801,0.0,5000,3155,1.0,6,0,1.0,1.0,1.0,1.0,42.18462085109583,0.04794003094280362,-0.020987385206788715,0.06504788225332915,0.06622612428556439,0.4945681779671075,0.19865404654815944,0.26656746794674546,0.007752254896042395,0.07653954692594127,0.025189997871035465,0.028795813641931504
170,0.5221872338216356,1.1145500005285154,0.014676332380358328,0.0,5000,3155,1.0,6,0,1.0,1.0,1.0,1.0,42.42912512277873,0.04247737750063651,-0.005774942368001763,0.07133964283308308,0.07481779644627051,0.4836663766203778,0.23988873453457285,0.2731022097724511,0.006767998702401002,0.08762562596181614,0.032906342160131774,0.024598206419412245
171,0.5244125479843658,1.1071731808788392,0.016833553504361595,0.0,5000,3191,1.0,6,0,1.0,1.0,1.0,1.0,42.66920592808537,0.024686247903412954,-0.00855894948079052,0.0768199133907659,0.052561925932157375,0.45349813000006745,0.23872214568334038,0.25554209693577506,0.005059589394222237,0.07268745786711882,0.026294450617010915,0.027563115958018476
172,0.531407980564514,1.1019696684633795,0.01314138224473416,0.0,5000,3124,1.0,8,0,1.0,1.0,1.0,1.0,42.91018132330721,0.004584343464774241,-0.003501786333961349,0.07617104210955647,0.05272320118642815,0.47620859248100894,0.27424774527408446,0.22189285438513334,0.005505229220507042,0.052196331719075444,0.03163400053566538,0.032220925128396735
173,0.5283780264112432,1.1111580158603103,0.010890200010032776,0.0,5000,3147,1.0,6,0,1.0,1.0,1.0,1.0,43.17168656201107,0.00962866924364808,-0.006201685180027892,0.07109061364072122,0.06389006544955997,0.45092347973051455,0.32476432409935435,0.22246240280250168,0.00643806544089135,0.05421367389420162,0.04853861769870796,0.040046749615096085
174,0.5257022465696038,1.1172903343376324,0.010031811044808419,0.0,5000,3177,1.0,7,0,1.0,1.0,1.0,1.0,43.426056788984965,0.013829018319849824,0.004201585592611412,0.06776274886625101,0.07107861885390696,0.459706654205848,0.36389546563249436,0.21018669229150905,0.007230794583139099,0.05210029660575906,0.04589158029864084,0.035473608988591886
175,0.527065733892423,1.1157185494818955,0.00948417262215016,0.0,5000,3189,1.0,7,0,1.0,1.0,1.0,1.0,43.67698032880846,0.000991885398331966,0.0001781083732643367,0.04251205824911096,0.060505026486001055,0.5102566951994728,0.4113129313415159,0.13006076931715124,0.005070599322856767,0.051024661831676255,0.03591486472545062,0.016844668329074084
176,0.5282297665247337,1.112042693659127,0.010558016284298253,0.0,5000,3184,1.0,6,0,1.0,1.0,1.0,1.0,43.91992974177299,-0.0017919378207385934,0.00225947334014047,0.04583705235446052,0.0705110285749626,0.587531158347125,0.43019233133138296,0.10123675115612063,0.007374747558317085,0.04125403122798607,0.032198033794240154,0.011456628782606462
177,0.5256365159002203,1.114969605984992,0.011315159555228594,0.0,5000,3174,1.0,7,0,1.0,1.0,1.0,1.0,44.173375955339225,-0.01778625622628955,0.006569051810592959,0.0487276936263285,0.061512681994794295,0.5210409638464986,0.45804734387272195,0.1497581900560546,0.006039797460218985,0.06117256011720643,0.03223927871547036,0.015595443506255658
178,0.5295494663113285,1.1088323977814125,0.011127729595328312,0.0,5000,3176,1.0,6,0,1.0,1.0,1.0,1.0,44.4149673903544,-0.02694377547498121,0.004790401918625978,0.057222669871040556,0.05831814177172154,0.4906553166296253,0.47724803207860805,0.179577577809837,0.005951274833412252,0.07382893884629708,0.028712689575854898,0.02360858730271374
179,0.5314647646798838,1.1056594536550997,0.011144364602632231,0.0,5000,3157,1.0,6,0,1.0,1.0,1.0,1.0,44.65291638873927,-0.03433196188864489,0.004608032746710051,0.04887559412222804,0.04983078372512179,0.4496049108840383,0.4974355705691657,0.16475311153114097,0.004220286916389071,0.05333774151310707,0.02806420270913846,0.023084037276040338
180,0.5318379311268026,1.1038822043517948,0.011820298807568116,0.0,5000,3192,1.0,5,0,1.0,1.0,1.0,1.0,44.889836197583215,-0.019414304994405124,0.010419110281746113,0.054473925766323344,0.04832745023105605,0.391205019861343,0.5122207538414898,0.16696137799631025,0.004185618887648083,0.05785462473599042,0.03636896038375191,0.020091921915058094
181,0.5297103863928722,1.1065545900944946,0.012238936660626806,0.0,5000,3146,1.0,7,0,1.0,1.0,1.0,1.0,45.144148098780605,-0.013261649653825121,0.01750354880786699,0.042999057174536046,0.05538268965956744,0.29549729774580474,0.46411231674668507,0.14777556788683155,0.005104664792048553,0.04953999084201422,0.03898876866750187,0.01896005275794467
182,0.5265172076756983,1.1121868034614497,0.012002853533342848,0.0,5000,3146,1.0,6,0,1.0,1.0,1.0,1.0,45.40788631476135,-0.010528895611383593,0.012395910861757587,0.05150882901473256,0.06975730423925709,0.33565892786759993,0.41649300384117405,0.1746105838299521,0.00840747561350801,0.04868946608654773,0.030899118521739377,0.024045533013570878
183,0.5193898798187145,1.1232409857434034,0.012458248170364939,0.0,5000,3155,1.0,6,0,1.0,1.0,1.0,1.0,45.67412666371961,-0.010748645423334027,0.01723771859763816,0.056699525241922726,0.08416109253813057,0.3192037136212737,0.3814862728572654,0.15160600490556675,0.011108248048844074,0.04572891131275046,0.03979356228231381,0.01739201337085819
184,0.5248000591926417,1.114998001056821,0.012055938153355825,0.0,5000,3166,1.0,6,0,1.0,1.0,1.0,1.0,45.92431983682736,-0.027037376941026925,0.013586269447450727,0.06346153674707193,0.07809845408325491,0.39455078598507143,0.3844741514317144,0.16452867816920294,0.006943531383951823,0.09872132154485475,0.026434790982725713,0.020579064466702563
185,0.5215232197310523,1.1179074847869475,0.013391975225513905,0.0,5000,3143,1.0,7,0,1.0,1.0,1.0,1.0,46.18625524763778,-0.03653412044923291,0.021939973635030516,0.059294635428677654,0.07513506871824387,0.4959545121979224,0.4230387723100067,0.20595306754595089,0.008512459888359074,0.11550177078992745,0.026695433197941515,0.013464153515630383
186,0.5209062862763619,1.1226900571572638,0.011338746753861496,0.0,5000,3143,1.0,6,0,1.0,1.0,1.0,1.0,46.438381600231644,-0.05334047062785262,0.03427610596119949,0.05262037238264915,0.06758535161699102,0.5160674295106135,0.4227711469646225,0.1998804902138728,0.006563785347526468,0.13519756318506856,0.026863741897621855,0.015890970271074584
187,0.5214557596237862,1.1214078272192267,0.011452861565102397,0.0,5000,3154,1.0,7,0,1.0,1.0,1.0,1.0,46.69428750158816,-0.05221998187962752,0.02940227373156943,0.04665888382613684,0.0703448324716914,0.41414777232272953,0.3715174942759494,0.1797644050303207,0.007587066483699648,0.1320151733928908,0.031108981485161984,0.019388920776576647
188,0.5197346767001016,1.1238978392362484,0.01176472931513329,0.0,5000,3161,1.0,6,0,1.0,1.0,1.0,1.0,46.95353199743651,-0.056038658841322135,0.02750854727267352,0.040113700616856054,0.06202488905302388,0.40636584175469803,0.3277600796714806,0.20915618848807635,0.006461578171953637,0.1512124459374014,0.04844045490026116,0.030275016754292016
189,0.5221326720561472,1.1218717295179779,0.010623150923913109,0.0,5000,3149,1.0,6,0,1.0,1.0,1.0,1.0,47.20334242750823,-0.04373715932899755,0.014766336781975262,0.03571273707558996,0.06532496522184225,0.44764775068921836,0.3260208858861404,0.2306885229013155,0.006198777205880549,0.1668438162617708,0.046339724442751085,0.03691110139416345
190,0.5248462559815953,1.1134933504315914,0.01278869440511922,0.0,5000,3170,1.0,7,0,1.0,1.0,1.0,1.0,47.44543838353936,-0.0401009536710179,0.02456507977524443,0.027307673364369713,0.07324070208714983,0.33208774266578794,0.3365072741185102,0.1860453676511502,0.006606652564969704,0.13406083772163271,0.056018138249066624,0.038672812979583554
191,0.5230039561287715,1.1122322768218986,0.01525657055444997,0.0,5000,3164,1.0,7,0,1.0,1.0,1.0,1.0,47.69451717676684,-0.05475351800240709,0.0252178713707427,0.028402910203880354,0.06845255289128278,0.2484829879076081,0.4536521279461687,0.18459972666411528,0.00777765201529701,0.06572670792709942,0.06907082091268196,0.0402738008495517
192,0.5273221369276118,1.1041230301315699,0.015727021178948843,0.0,5000,3154,1.0,6,0,1.0,1.0,1.0,1.0,47.95202388335118,-0.04879101665740071,0.015542444414557688,0.030901560731365827,0.07737048204069734,0.18196905870143804,0.3866864424305509,0.22074807727222642,0.007048501473848735,0.028025169164870793,0.05650259949943603,0.035712226989103826
193,0.52527143195347,1.107729167353261,0.015546947448619012,0.0,5000,3144,1.0,6,0,1.0,1.0,1.0,1.0,48.184614252671565,-0.06238979796303629,0.028209803778680376,0.022902638946659747,0.0775633664015879,0.17382900618539301,0.4120919589748628,0.20430739143844884,0.007196661350220491,0.029265497245350304,0.06132087269325608,0.04394173220237822
194,0.524694415406008,1.1069324540254974,0.016622413194164687,0.0,5000,3174,1.0,8,0,1.0,1.0,1.0,1.0,48.43204150332647,-0.06712016898718073,0.027556918742273277,0.017079762650114287,0.07694090034195013,0.17570782838382404,0.4901511610647936,0.2482225382053502,0.007305509415071885,0.03435494107986093,0.06210610299994363,0.05178844639975398
195,0.5335431334969654,1.096385653017243,0.014261538269425528,0.0,5000,3197,1.0,6,0,1.0,1.0,1.0,1.0,48.6778276035521,-0.05350083973302478,0.018340955069019324,0.00662287491027292,0.08057477520612821,0.25250684574691207,0.4804235055288538,0.23261942743097297,0.007732588570837865,0.048352846767674436,0.09979067702156622,0.04069895799672947
196,0.5218752233367566,1.1189087434758973,0.012502242436031347,0.0,5000,3171,1.0,6,0,1.0,1.0,1.0,1.0,48.93763067797996,-0.06157864752268685,0.017098789679676943,0.0014652420994203984,0.0921576950488403,0.23191202667270908,0.5080133172111552,0.2159168853100828,0.010361827217976238,0.054420589414764936,0.09827983352364415,0.03135361762296987
197,0.5184675882829283,1.1224500994375908,0.013615043457180974,0.0,5000,3156,1.0,6,0,1.0,1.0,1.0,1.0,49.20219361491148,-0.06251904240830763,0.020586219007911116,0.0053675177371621235,0.1175506548129644,0.19006910889473907,0.5564958075570872,0.233052023629256,0.015241796711110152,0.0363805056226258,0.09912613767135446,0.03336350823806883
198,0.5210829130680276,1.1240637892528214,0.01036533186228054,0.0,5000,3177,1.0,7,0,1.0,1.0,1.0,1.0,49.45291241899976,-0.06287425614274626,0.020947931549578493,-0.005774676251012439,0.05327833857160692,0.19001048241553445,0.6441457842193631,0.27769340143471416,0.005945646200985022,0.04294705429250439,0.08609383666456333,0.052193841248650424
199,0.5201452668416336,1.124462817572041,0.011004432515520444,0.0,5000,3159,1.0,7,0,1.0,1.0,1.0,1.0,49.70120462530718,-0.06012412189178927,0.0066567229514857655,-0.013451328647407123,0.06976378902659156,0.2046366315654935,0.5937945839461377,0.22514850422976188,0.006867210844038377,0.04220902180800682,0.0903836756434188,0.03280263102229938
200,0.5226000943766526,1.1236447238598295,0.009313480974415839,0.0,5000,3147,1.0,6,0,1.0,1.0,1.0,1.0,49.95248594176852,-0.05846259591274655,-0.0017704020999914204,-0.014759217016536865,0.05778211425046039,0.1987532048204421,0.5817136317840274,0.22381889400461982,0.0053797142108752355,0.04516627148750968,0.08798690793232596,0.028826905010400264
201,0.5306826155885481,1.1117934394245117,0.008397810777024206,0.0,5000,3164,1.0,7,0,1.0,1.0,1.0,1.0,50.19761003629451,-0.057667269579883725,0.010794539438461518,-0.021562081860037993,0.05491301108530564,0.23803323362151468,0.45979278344662605,0.21764880721323462,0.004864429109822157,0.04077125673825434,0.09419173614448202,0.022085252413894405
202,0.5265231186144184,1.117483740973107,0.009166399415695595,0.0,5000,3153,1.0,6,0,1.0,1.0,1.0,1.0,50.44661163699865,-0.045574581913590886,0.0046581515163975715,-0.0012485829574126646,0.05902601776492377,0.19624317915469394,0.5326316264257784,0.25522863086239284,0.005483406449336342,0.033919150542940826,0.08457462031517055,0.02718329608108332
203,0.5328962478161516,1.106208636396429,0.009548467639843208,0.0,5000,3164,1.0,7,0,1.0,1.0,1.0,1.0,50.69912015279775,-0.054094751886219206,-0.0029593689908808656,0.0028309524686025997,0.06135691183228049,0.29302538121627775,0.629003531952504,0.2827843893992522,0.005215956272949186,0.06483571848842916,0.0932361078329032,0.024388915387398218
204,0.5321612101896793,1.1092890667004296,0.008508299071289591,0.0,5000,3213,1.0,6,0,1.0,1.0,1.0,1.0,50.93811746560006,-0.051734981113955934,-0.009599940937533542,0.0008957778680103181,0.06213390836998269,0.45521079258740826,0.7584226528303561,0.3086693368097805,0.006245196158661573,0.07059933105088485,0.09165015181029863,0.030362704495773402
205,0.5306513639198389,1.1123560641545314,0.008064344610465,0.0,5000,3142,1.0,6,0,1.0,1.0,1.0,1.0,51.19957339885057,-0.05753685390382813,-0.008171311028704416,-0.007739329197958217,0.0713893991620925,0.5164329985846172,0.8143071271103964,0.3662479290814946,0.006881720894360683,0.06390051348098862,0.07101380076009946,0.039507450655064044
206,0.523708418480983,1.12716808202228,0.006297692336201921,0.0,5000,3152,1.0,7,0,1.0,1.0,1.0,1.0,51.45712899780934,-0.05618656113822535,0.006119309775106227,-0.010943692405238747,0.07257403043261164,0.5572304364792632,0.8356121548211415,0.44497399275973604,0.008137493324887094,0.05919390223904299,0.060015768938057795,0.06266307018157823
207,0.524155469656332,1.1255656988713896,0.006583087597658915,0.0,5000,3193,1.0,6,0,1.0,1.0,1.0,1.0,51.709108363563296,-0.05501789602912118,0.03197948131011216,-0.014887691942652796,0.07258033619663276,0.5469942523031374,0.8530859398068978,0.4541207927788469,0.006571412700732006,0.04434153003983117,0.02919678042214498,0.041625072446216
208,0.5254690953262737,1.1232148146227308,0.006809956392621325,0.0,5000,3167,1.0,7,0,1.0,1.0,1.0,1.0,51.96071848681162,-0.0551676576858478,0.04614525937173984,-0.031786986511829964,0.05655365238361337,0.5368006115829909,0.8740011584739237,0.38890745068258836,0.005087952305576472,0.04028275330645679,0.025083619209285587,0.029016942123639568
209,0.5237900117760319,1.1269487991065121,0.006227635572932249,0.0,5000,3163,1.0,6,0,1.0,1.0,1.0,1.0,52.216019955176954,-0.062135276226091135,0.049701864159299794,-0.02201738578936273,0.07416888743879635,0.5664210446185743,0.8956042390381361,0.40677203479225116,0.007378856064598543,0.030044965217332516,0.011220027577178646,0.03993117753000667
210,0.527060343678491,1.1178382026227196,0.008451836163565658,0.0,5000,3130,1.0,6,0,1.0,1.0,1.0,1.0,52.46848939160859,-0.06437664363432113,0.04874291800767565,-0.022084467876726754,0.07310750882100933,0.542237279201761,0.8909204940867921,0.3575334795568465,0.006427177240513093,0.026237469035497486,0.014964860026708408,0.03199037780521042
211,0.5264706168983578,1.1160642258390643,0.00981298139415595,0.0,5000,3134,1.0,7,0,1.0,1.0,1.0,1.0,52.71293491945841,-0.05446716692097769,0.04723498950681011,-0.029635226711542118,0.076711396197226,0.5282279436249613,0.8874785411687833,0.37284660464308106,0.006399213139783255,0.0312883692837443,0.02050225857096558,0.029064036811787916
212,0.5249756992258608,1.1193459595904052,0.009515307001911987,0.0,5000,3172,1.0,6,0,1.0,1.0,1.0,1.0,52.96382589864004,-0.04507986207799325,0.024433097856328797,-0.022473771986837053,0.06393704210334557,0.4864058239468932,0.8524154401053576,0.3913471373519961,0.005584237765732469,0.03878397704085145,0.030025790419397874,0.03099334673766425
213,0.5264999579474011,1.1175222469772352,0.008935732654331122,0.0,5000,3172,1.0,6,0,1.0,1.0,1.0,1.0,53.20310220263367,-0.047282971928996775,0.023555619005738763,-0.02858160443502865,0.07367604716478925,0.4716282001575214,0.8245471040391716,0.4003144770653424,0.007254845744820847,0.042594773936955176,0.025685349269560998,0.025739029888983453
214,0.5292258933354108,1.1120989845602196,0.009748571131388661,0.0,5000,3134,1.0,7,0,1.0,1.0,1.0,1.0,53.46435897519504,-0.040899544239368764,0.02676709551445248,-0.023788636649014313,0.05976523288932417,0.4549552940746131,0.7830188055840014,0.39266227264487624,0.005874450467184385,0.04979228300873469,0.033216504258544714,0.03276489699611099
215,0.5324909993576832,1.1103229664628393,0.00757842165503486,0.0,5000,3203,1.0,7,0,1.0,1.0,1.0,1.0,53.71929039841601,-0.038239475034211004,0.022416730702113287,-0.017843381200426025,0.0629896305933091,0.3900197900189037,0.7686632739110564,0.4051369538430466,0.006092364904546065,0.0654123951241954,0.028476202554880838,0.028836166253869807
216,0.5251066501668608,1.1234607988296152,0.006901384143905221,0.0,5000,3151,1.0,7,0,1.0,1.0,1.0,1.0,53.959314959103395,-0.05949195641545883,0.01975048402661097,-0.011096847014455206,0.07466182217506538,0.34324478283337095,0.7452522212290734,0.4073889549976808,0.008871924729223045,0.06690940217869266,0.030897946191391846,0.031670380198336935
217,0.5204528228328541,1.1323606145518197,0.006256275345342909,0.0,5000,3091,1.0,6,0,1.0,1.0,1.0,1.0,54.217962726085005,-0.06481062247268102,0.008195369558040363,-0.026336756555726714,0.068946318025651,0.32386755507374215,0.7388750973076919,0.36325012030126463,0.006376386095458828,0.059175746086944744,0.02806593529346796,0.03720328592981679
218,0.5248143227695607,1.1264336951726366,0.005592894328766548,0.0,5000,3190,1.0,6,0,1.0,1.0,1.0,1.0,54.477094882407776,-0.06647862553454166,0.009808270805797834,-0.012639079713465912,0.08557690541854575,0.29756270441230326,0.7619850482646249,0.3633325329788757,0.006519892441455536,0.05461308108786935,0.02411375354634423,0.03467994067243731
219,0.5239008979634402,1.1259050994612536,0.006759652871545837,0.0,5000,3117,1.0,6,0,1.0,1.0,1.0,1.0,54.7159212902441,-0.05807054482268401,0.03176274879905146,-0.007142604479891894,0.10912766065353618,0.3128446719454245,0.7618075941091945,0.389241178018067,0.009421769616481024,0.05085894263013958,0.03576994889819786,0.023735617716917845
220,0.5304746975886204,1.11476526368648,0.0070053785364588075,0.0,5000,3165,1.0,6,0,1.0,1.0,1.0,1.0,54.95293014609816,-0.051512105070829595,0.03517324590774828,-0.0034032644112686923,0.094073103871291,0.3774713821537436,0.7882148471566585,0.3763406201599242,0.011035956956092479,0.04486854307740315,0.04238762829010725,0.03040703337503293
221,0.5276159670727089,1.1211992451646993,0.006043025666633591,0.0,5000,3163,1.0,6,0,1.0,1.0,1.0,1.0,55.21126253301649,-0.053732782353414256,0.02282969346954144,0.0008637306242179803,0.0726570142029521,0.3928470955405413,0.7885636533725081,0.3831495628746758,0.00885932937764452,0.04630453349413827,0.034925703777340764,0.03348875660186222
222,0.5361897732515405,1.1062456446456994,0.0065509796556413365,0.0,5000,3135,1.0,6,0,1.0,1.0,1.0,1.0,55.4605330229011,-0.06567123602292158,0.0351800983032409,0.002477430407870469,0.06299503391180501,0.35655446810213254,0.8113871929368667,0.3951748922780952,0.005708922358835175,0.05652193220956285,0.03023400011026044,0.044835338151906615
223,0.5276657856645185,1.117535835111847,0.007927491185733434,0.0,5000,3178,1.0,6,0,1.0,1.0,1.0,1.0,55.70496359556707,-0.04924394893871685,0.03352479886354243,-0.008066301925605947,0.07535566065512808,0.352318326180681,0.7947211563450423,0.41496650026468285,0.007687854846353423,0.06786994606491385,0.030763768222074064,0.04703976579897642
224,0.5285488870585565,1.1127611350330249,0.00983556805673386,0.0,5000,3214,1.0,7,0,1.0,1.0,1.0,1.0,55.96856453422718,-0.06455777398139008,0.028410514534636697,-0.0031929515358862385,0.08334637689381678,0.36105000254990977,0.802229408545126,0.37671112261703027,0.011451959837829952,0.052236922196678845,0.024333745836737156,0.041853121964679836
225,0.528421883752477,1.113816913874673,0.009450046461925442,0.0,5000,3129,1.0,6,0,1.0,1.0,1.0,1.0,56.23774089754023,-0.06883748192468486,0.025943187433475977,-0.004846291631881018,0.0586425264945369,0.38090035201516514,0.8374073730217136,0.4869904715998179,0.0057314863042440736,0.0604877185412997,0.02272162200749415,0.05390983642814769
226,0.5300956079680833,1.1142925386103444,0.007472010037526856,0.0,5000,3161,1.0,6,0,1.0,1.0,1.0,1.0,56.496652991895424,-0.08375609686454738,0.02659790702853559,-0.007842057866834132,0.0698426162694251,0.4343633511365175,0.8582766907144156,0.4709441882830325,0.007296249725199187,0.040225940209219956,0.014577317817673642,0.062312053388053984
227,0.5260280845607267,1.1221542737639227,0.0067592681700153956,0.0,5000,3181,1.0,7,0,1.0,1.0,1.0,1.0,56.73503885959744,-0.08142180720838421,0.024408036344006276,0.0030442844441550144,0.07604430199323602,0.4318699282417806,0.8263415315931765,0.4377126337309329,0.008858241630668999,0.05583769896564821,0.021880635214010628,0.06312394797987597
228,0.5251726701480263,1.1219734219278543,0.0077169392063711605,0.0,5000,3148,1.0,7,0,1.0,1.0,1.0,1.0,56.98133226857164,-0.09014634390071978,0.03444232008972433,-0.010655285279294283,0.0637130755430582,0.3765690866741008,0.7971194012648362,0.4229924091812003,0.005596888730508103,0.07499954260999545,0.024151273975767617,0.05980886143930294
229,0.5263905610913724,1.1196769692143798,0.007862496272601244,0.0,5000,3122,1.0,6,0,1.0,1.0,1.0,1.0,57.22776551194014,-0.08266545979840866,0.046004667828158444,-0.02576613158217258,0.049579370251095184,0.3625044672704508,0.78097392416619,0.48177818302388203,0.004406180663422493,0.07256328159803246,0.02426759504645602,0.04838141891519891
230,0.5210228024963574,1.1292631951485559,0.0075324530481375995,0.0,5000,3179,1.0,7,0,1.0,1.0,1.0,1.0,57.49468371652152,-0.06442317368722027,0.05506914138703841,-0.02914591360431776,0.06556095418659552,0.36546074310266147,0.833906915293519,0.5312788721278078,0.005476159482157315,0.04931456676149713,0.024000883671591408,0.04890583577072841
231,0.5263655986164437,1.1222792249227496,0.00642626946813399,0.0,5000,3174,1.0,7,0,1.0,1.0,1.0,1.0,57.736168625736255,-0.06124345558723126,0.05668839813775105,-0.03368201564135693,0.08326310481026923,0.3855496906298188,0.8550820348005542,0.559999776215409,0.00799882833413059,0.041823101175238034,0.025784617905271597,0.05874592322864256
232,0.5218130316135421,1.1294967526444488,0.006564607156626327,0.0,5000,3167,1.0,6,0,1.0,1.0,1.0,1.0,57.985626161092746,-0.07293962586023418,0.0786358076429187,-0.0398205580758589,0.07266513355422256,0.386109576303201,0.8672432652706613,0.5932211704270991,0.009690818619551653,0.03615914562713643,0.027712313770189866,0.061227880082773876
233,0.5230609941762502,1.127323000710224,0.006722468315197861,0.0,5000,3157,1.0,6,0,1.0,1.0,1.0,1.0,58.24048358812658,-0.0693158474685122,0.07644095919399302,-0.04148200228515402,0.05051120279640424,0.41542167118402257,0.7970122207084209,0.6214783178998851,0.005779745008252164,0.05357859456427801,0.03583559772781808,0.07719011780574615
234,0.5248351478181582,1.1244925049911614,0.006742673988070389,0.0,5000,3135,1.0,6,0,1.0,1.0,1.0,1.0,58.488486708922835,-0.08131010921936174,0.07459450832029664,-0.04751279319766474,0.05742834794537772,0.513310477110843,0.7783649596093882,0.6781090833294109,0.005515172646776678,0.0637205392865149,0.03295210285556064,0.06024896982446188
235,0.5316587186657583,1.1136696551467637,0.006364491913847706,0.0,5000,3146,1.0,7,0,1.0,1.0,1.0,1.0,58.741335135473626,-0.09078886568304959,0.09409677130158231,-0.053151957583513036,0.05480379844759242,0.5817926843831538,0.8064713496200405,0.7778829653057204,0.0051288133492230735,0.06863497438919951,0.031503084319973694,0.034529781524969674
236,0.5310495046360331,1.1150251282816126,0.006332864737818693,0.0,5000,3125,1.0,7,0,1.0,1.0,1.0,1.0,58.986769668569316,-0.06777764294826476,0.1007711333208237,-0.04444718133938749,0.05648142803792625,0.6096041054927052,0.8188895484987937,0.8042789020249876,0.006355958322679255,0.07103501815247094,0.035612176545944216,0.02150576989781073
237,0.52740015907621,1.1215382402049077,0.006036055253837811,0.0,5000,3168,1.0,7,0,1.0,1.0,1.0,1.0,59.248186462341444,-0.06304783063255096,0.09345314835945602,-0.045858879740827,0.0524061276292218,0.6232460800253888,0.8374058450021267,0.762598920201547,0.00476827625241485,0.07432809454778518,0.03292005079809587,0.024524608739795863
238,0.5269697005467829,1.1200493717167923,0.007284929693736162,0.0,5000,3227,1.0,6,0,1.0,1.0,1.0,1.0,59.49249141238821,-0.060366181792596514,0.0940654176431007,-0.060617739823543654,0.0737729728651402,0.56044759371374,0.7996052714443427,0.742224538079624,0.007000949311538382,0.09348364598202075,0.03188072166017511,0.029644278469268103
239,0.5216384768268324,1.1243789221699425,0.009674085811205414,0.0,5000,3190,1.0,6,0,1.0,1.0,1.0,1.0,59.75569260366732,-0.0646410153359917,0.09538019967680497,-0.04676045971264681,0.07375389130762679,0.5430282388059104,0.7607983181499777,0.7016023388889402,0.00880600454325673,0.0851870683552837,0.039998823119235576,0.032051132042822554
240,0.5237366181207894,1.1177881871953663,0.011386664573692848,0.0,5000,3178,1.0,7,0,1.0,1.0,1.0,1.0,60.00352436880794,-0.07635117683822241,0.08830144122993784,-0.05541538573575166,0.05615443478521898,0.449961460661109,0.667225513299345,0.7475108971192531,0.006469075545883187,0.08623518427095005,0.045246127349561065,0.03158934815161064
241,0.5218397833062465,1.121152686322388,0.011265887402656539,0.0,5000,3196,1.0,6,0,1.0,1.0,1.0,1.0,60.25593028865809,-0.07546558551452448,0.06803820786238834,-0.06994653861532814,0.04780623092344604,0.48327694263890414,0.6685171973175873,0.7410856989391277,0.003730847076448511,0.08125636828519259,0.055305803686589536,0.028969529902815174
242,0.5208865196060085,1.1223408037234373,0.011499428723797583,0.0,5000,3128,1.0,6,0,1.0,1.0,1.0,1.0,60.51353415106679,-0.06940980054173931,0.05405323724076422,-0.06882291062768947,0.07599006904386642,0.5766151408622082,0.7705587630446068,0.7602091284760877,0.006863663873083527,0.06549086896636971,0.029399650154331738,0.025047381223490036
243,0.524455389292398,1.116033995757575,0.011663359318630762,0.0,5000,3170,1.0,5,0,1.0,1.0,1.0,1.0,60.73876524147183,-0.05898739806912771,0.05160620133058073,-0.05619727883923676,0.08433870540607905,0.6319264936659169,0.751389836885406,0.7674300142543359,0.009150121678689104,0.05692431026963643,0.02609464983595307,0.03161319140762965
244,0.5193786104304703,1.1248591724546915,0.011502762019253345,0.0,5000,3200,1.0,6,0,1.0,1.0,1.0,1.0,60.98911661882265,-0.05649106688793404,0.04789810680777368,-0.061316534100008896,0.07305133755127291,0.6196885843641897,0.7566858832875191,0.746624838232583,0.008078966678254492,0.05707737388395561,0.023012807939720683,0.035023258503240375
245,0.5224351014575753,1.122006960013844,0.01032843342227839,0.0,5000,3195,1.0,6,0,1.0,1.0,1.0,1.0,61.255301253474194,-0.06950102154063194,0.0512332125926044,-0.059003914503893515,0.07346668941580521,0.5732827672511163,0.743873447981317,0.7608646818239998,0.0060381958517170065,0.050952165643273165,0.03407492123977917,0.060224741000470046
246,0.524335991196458,1.1228062736684596,0.008048607088143457,0.0,5000,3166,1.0,6,0,1.0,1.0,1.0,1.0,61.495036136004636,-0.08105088521329687,0.05482513958281528,-0.050632891316626474,0.08945736889744406,0.5722119973402738,0.714964207299841,0.7061960815375286,0.007853204686901528,0.05159594333404921,0.062029849155565045,0.030685590078454856
247,0.5271949667752671,1.1199686410348118,0.007053494924902756,0.0,5000,3174,1.0,6,0,1.0,1.0,1.0,1.0,61.73262070616373,-0.07299280904578989,0.033975651121778486,-0.0496397517380618,0.06106237013763376,0.5596354866111526,0.6623144431443541,0.6694199025722894,0.006773233370143012,0.06810726209243838,0.07042458340425381,0.032603652206315406
248,0.5304312544301168,1.1155337822587503,0.006730839170978386,0.0,5000,3122,1.0,7,0,1.0,1.0,1.0,1.0,61.97530682587456,-0.06760235528841697,0.05119859913500457,-0.03305995291582556,0.06657112880576696,0.6277505764147477,0.6795277392775739,0.6703115537078538,0.008154982191851247,0.08836992339952895,0.07605360058266311,0.030944169574419554
249,0.5435407986762992,1.0986014183718795,0.004358871979270867,0.0,5000,3167,1.0,6,0,1.0,1.0,1.0,1.0,62.20827887912871,-0.062406900592242895,0.053488913124367786,-0.032652287130990866,0.05485599010442455,0.7634192629928365,0.7683313585199057,0.7065875926836223,0.0050054632915817075,0.06911829762102412,0.06629061400608112,0.027870487594293804
